1	1950085	1950235
1	1950265	1950415
1	1950440	1950590
1	6302200	6302350
1	6302420	6302570
1	6302585	6302735
1	6302920	6303070
1	6303125	6303275
1	6303380	6303530
1	6483900	6484050
1	6484145	6484295
1	6484305	6484455
1	6508320	6508470
1	6508560	6508710
1	6508785	6509055
1	6514640	6514790
1	6514885	6515035
1	6515165	6515315
1	12123240	12123390
1	12123420	12123570
1	12123680	12123830
1	17019280	17019430
1	17019525	17019675
1	17019680	17019830
1	17026345	17026495
1	17026525	17026675
1	17026820	17026970
1	17027325	17027475
1	17027485	17027635
1	17027700	17027850
1	17199680	17199830
1	17199900	17200050
1	17200145	17200295
1	18957260	18957410
1	18957460	18957610
1	18957780	18957930
1	18957960	18958110
1	18958165	18958315
1	18958460	18958610
1	18958660	18958810
1	18959165	18959315
1	18959360	18959510
1	18959580	18959730
1	18962320	18962470
1	18962480	18962630
1	18962700	18962850
1	18963420	18963570
1	18963600	18963750
1	18963760	18963910
1	18966660	18966810
1	18966860	18967010
1	18967060	18967210
1	18967660	18967810
1	18967960	18968110
1	18968140	18968290
1	19991565	19991715
1	19991745	19991895
1	19991900	19992050
1	19992085	19992235
1	24881840	24881990
1	24882120	24882270
1	25256780	25256930
1	25256940	25257090
1	25257100	25257250
1	25257300	25257450
1	25944100	25944250
1	25944265	25944415
1	25944445	25944595
1	26372020	26372170
1	26372245	26372395
1	26372405	26372555
1	26737625	26737775
1	26737920	26738070
1	26738540	26738690
1	26738820	26738970
1	26739100	26739250
1	29241420	29241570
1	29241640	29241790
1	29241820	29241970
1	34630760	34630910
1	34631100	34631250
1	34631300	34631450
1	35394380	35394530
1	35394580	35394730
1	35395400	35395550
1	35395585	35395735
1	35395760	35395910
1	35395920	35396070
1	38509740	38509890
1	38509940	38510230
1	38510300	38510450
1	38511185	38511335
1	38511360	38511510
1	38511545	38511695
1	40782320	40782470
1	40782605	40782755
1	44871660	44871810
1	44871860	44872010
1	44872140	44872290
1	44872780	44872930
1	44872980	44873130
1	44873180	44873330
1	44874320	44874470
1	44874500	44874650
1	44874740	44874890
1	44882960	44883110
1	44883160	44883310
1	44883320	44883470
1	44883885	44884035
1	44884105	44884255
1	44884260	44884410
1	46913785	46913935
1	46914060	46914210
1	46914220	46914370
1	46914440	46914590
1	46954625	46954775
1	46954865	46955015
1	46955085	46955235
1	46955665	46955815
1	46955840	46955990
1	46956000	46956150
1	46957060	46957210
1	46957300	46957450
1	47690180	47690330
1	47690345	47690495
1	47690600	47690750
1	47695740	47695890
1	47696020	47696170
1	47696280	47696430
1	47696480	47696630
1	47697060	47697210
1	47697300	47697450
1	47697460	47697610
1	47697640	47697790
1	47904205	47904355
1	47904405	47904555
1	47904725	47904875
1	47910060	47910210
1	47910240	47910390
1	47910400	47910550
1	47974140	47974290
1	47974440	47974590
1	48175460	48175610
1	48175640	48175790
1	48191200	48191350
1	48191380	48191530
1	48191560	48191710
1	50882740	50882890
1	50882960	50883110
1	50883140	50883290
1	50883985	50884135
1	50884200	50884350
1	50884360	50884510
1	50884525	50884675
1	50890605	50890755
1	50890845	50890995
1	50891000	50891150
1	50892940	50893090
1	50893160	50893310
1	50893320	50893470
1	50893580	50893730
1	50893800	50893950
1	50893965	50894115
1	50894120	50894270
1	51810085	51810235
1	51810340	51810490
1	55505280	55505430
1	55505460	55505610
1	55505625	55505775
1	57887720	57887870
1	57887940	57888090
1	57888120	57888270
1	61516720	61516870
1	61516900	61517050
1	61517060	61517210
1	62901920	62902070
1	62902080	62902230
1	62902240	62902390
1	62902400	62902550
1	63783300	63783450
1	63783465	63783615
1	63783660	63783810
1	63785300	63785450
1	63785580	63785730
1	63785745	63785895
1	63788300	63788450
1	63788485	63788635
1	63788720	63788870
1	63788985	63789135
1	63789160	63789310
1	63789360	63789510
1	63789960	63790110
1	63790125	63790275
1	63790360	63790510
1	70034285	70034435
1	70034580	70034730
1	70034740	70034890
1	71512720	71512870
1	71512880	71513030
1	71513120	71513270
1	75598300	75598450
1	75598520	75598670
1	75601040	75601190
1	75601260	75601410
1	75601440	75601590
1	82266900	82267050
1	82267060	82267210
1	82267260	82267410
1	82267420	82267570
1	85358320	85358470
1	85358500	85358650
1	85358705	85358855
1	85513040	85513190
1	85513280	85513430
1	85513505	85513655
1	85514060	85514210
1	85514240	85514390
1	85514400	85514550
1	85514580	85514730
1	91176420	91176570
1	91176600	91176750
1	91176780	91176930
1	91183800	91183950
1	91184000	91184150
1	91184205	91184355
1	91191780	91191930
1	91191960	91192110
1	91192120	91192270
1	91196005	91196155
1	91196160	91196310
1	91196320	91196470
1	92950200	92950350
1	92950440	92950590
1	99470500	99470650
1	99470740	99470890
1	99470920	99471070
1	109955300	109955450
1	111149180	111149330
1	111149420	111149570
1	111149605	111149755
1	111150165	111150315
1	111150400	111150550
1	111150585	111150735
1	111813540	111813690
1	111813700	111813850
1	111813860	111814010
1	114696760	114696910
1	114696980	114697130
1	121138080	121138230
1	121138260	121138410
1	144987200	144987350
1	144987400	144987550
1	145071500	145071650
1	145071700	145071850
1	145071860	145072010
1	146549660	146549810
1	146549940	146550090
1	146550120	146550270
1	146550320	146550470
1	148550240	148550390
1	148550580	148550730
1	148850700	148850850
1	148850920	148851070
1	148854240	148854390
1	148854460	148854610
1	148854665	148854915
1	151689160	151689310
1	151689320	151689470
1	151689520	151689670
1	151689705	151689855
1	151762920	151763070
1	151763080	151763230
1	151763360	151763510
1	153650500	153650650
1	153650745	153650895
1	153652020	153652170
1	153652240	153652390
1	153652420	153652570
1	154473165	154473315
1	154473320	154473470
1	154473500	154473650
1	155051765	155051915
1	155051945	155052095
1	155052185	155052335
1	155054105	155054255
1	155054385	155054535
1	155054665	155054815
1	155054880	155055030
1	156390080	156390230
1	156390265	156390415
1	156390445	156390595
1	156390640	156390790
1	156406165	156406315
1	156406320	156406470
1	156406600	156406750
1	156595360	156595510
1	156595520	156595670
1	156595720	156595870
1	156611145	156611295
1	156611460	156611610
1	156612140	156612290
1	156612300	156612450
1	156893285	156893435
1	156893520	156893670
1	156893680	156893830
1	160951300	160951450
1	160951460	160951610
1	165204920	165205070
1	165205160	165205310
1	165205360	165205510
1	166134060	166134210
1	166134240	166134390
1	166134520	166134670
1	174934500	174934650
1	174934660	174934810
1	174934860	174935010
1	177139900	177140050
1	177140160	177140310
1	177140340	177140490
1	179712905	179713055
1	179713120	179713270
1	179713345	179713495
1	180197200	180197350
1	180197460	180197610
1	180197640	180197790
1	180198085	180198235
1	180198325	180198475
1	180202380	180202530
1	180202645	180202795
1	180204060	180204210
1	180204225	180204375
1	180204440	180204590
1	180204605	180204755
1	180206640	180206790
1	180206900	180207050
1	180207080	180207230
1	180208220	180208370
1	180208380	180208530
1	180208580	180208730
1	197879360	197879510
1	197879540	197879690
1	197879780	197879930
1	197881440	197881590
1	197881680	197881830
1	197881885	197882035
1	197885560	197885710
1	197885840	197885990
1	197886605	197886755
1	197886860	197887010
1	197887020	197887170
1	199717140	199717290
1	199717300	199717450
1	199717520	199717670
1	200008085	200008235
1	200008260	200008410
1	200008425	200008575
1	200008640	200008790
1	200011720	200011870
1	200011900	200012050
1	200012140	200012290
1	200842880	200843030
1	200843080	200843230
1	202182780	202182930
1	202182940	202183090
1	202183220	202183370
1	202611765	202611915
1	202611940	202612090
1	202612120	202612270
1	202679105	202679255
1	202679265	202679415
1	202679540	202679690
1	202679740	202679890
1	205425625	205425775
1	205425800	205425950
1	207627800	207627950
1	207628000	207628150
1	207628180	207628330
1	212779240	212779390
1	212779520	212779670
1	212779700	212779850
1	212781100	212781250
1	212781340	212781490
1	212781500	212781650
1	212872040	212872190
1	212872200	212872350
1	212872365	212872515
1	218338520	218338670
1	218338720	218338870
1	218338900	218339050
1	218339080	218339230
1	224805125	224805275
1	224805300	224805450
1	224805485	224805635
1	226736965	226737115
1	226737265	226737415
1	226754360	226754510
1	226754540	226754690
1	226754700	226754850
1	226754880	226755030
1	228193880	228194030
1	228194145	228194295
1	228194365	228194515
1	229569220	229569370
1	229569400	229569550
1	231298925	231299075
1	231299145	231299295
1	231299305	231299455
1	231299765	231299915
1	231299920	231300070
1	231300100	231300250
1	239550445	239550595
1	239550660	239550810
1	239550905	239551055
2	289445	289595
2	289640	289790
2	289840	289990
2	10861905	10862055
2	10862140	10862290
2	10862620	10862770
2	10862820	10862970
2	10862980	10863130
2	10863180	10863330
2	17717520	17717670
2	17717820	17717970
2	20864920	20865070
2	20865205	20865355
2	20865445	20865595
2	20865640	20865790
2	20870105	20870255
2	20870300	20870450
2	20870960	20871110
2	20871220	20871370
2	20871460	20871610
2	27071160	27071310
2	27071325	27071475
2	27071625	27071775
2	27484465	27484615
2	27484640	27484790
2	27484805	27484955
2	27486565	27486715
2	27486805	27486955
2	27487025	27487175
2	27529560	27529710
2	27529745	27529895
2	27529900	27530050
2	37504280	37504430
2	37504520	37504670
2	38265220	38265370
2	38265380	38265530
2	38265560	38265710
2	38301520	38301670
2	38301700	38301850
2	38301940	38302090
2	42719905	42720055
2	42720060	42720210
2	42720340	42720490
2	42721400	42721550
2	42721580	42721730
2	42721780	42721930
2	44995625	44995775
2	44995800	44995950
2	44996000	44996150
2	44996280	44996430
2	45029165	45029315
2	45029400	45029550
2	45029560	45029710
2	45168660	45168810
2	45168940	45169090
2	45169160	45169310
2	45182400	45182550
2	45182600	45182750
2	46524940	46525090
2	46525105	46525255
2	46525285	46525435
2	54951145	54951295
2	54951320	54951470
2	54951520	54951670
2	60781405	60781555
2	60781700	60781850
2	62957880	62958030
2	63288680	63288830
2	63288840	63288990
2	63289060	63289210
2	66654020	66654170
2	66654260	66654410
2	66654420	66654570
2	66804420	66804570
2	66804640	66804790
2	66805540	66805690
2	66805780	66805930
2	66806000	66806150
2	66806220	66806370
2	66808360	66808510
2	66808520	66808670
2	66808800	66808950
2	66809340	66809490
2	66809620	66809770
2	66810360	66810510
2	66810600	66810750
2	66810780	66810930
2	70141660	70141810
2	70141820	70141970
2	70141980	70142130
2	70780500	70780650
2	70780720	70780870
2	70780940	70781090
2	71125480	71125630
2	71125700	71125850
2	71125880	71126030
2	72372260	72372410
2	72372420	72372570
2	72372580	72372730
2	72372880	72373030
2	72373045	72373195
2	72373285	72373435
2	73140600	73140750
2	73140760	73140910
2	73142720	73142870
2	73142900	73143050
2	73143065	73143215
2	73143805	73143955
2	73143965	73144115
2	73144240	73144390
2	73145145	73145295
2	73145345	73145495
2	73145580	73145730
2	73145820	73145970
2	73146960	73147110
2	73147125	73147275
2	73147340	73147490
2	73152460	73152610
2	73152620	73152770
2	73152860	73153010
2	73429640	73429790
2	73429905	73430055
2	73430165	73430315
2	73518560	73518710
2	73518865	73519015
2	73519105	73519255
2	73519645	73519795
2	73519845	73519995
2	73520040	73520190
2	73520225	73520375
2	74685260	74685410
2	74685420	74685570
2	74726080	74726230
2	74726280	74726430
2	74726440	74726590
2	74742205	74742355
2	74742425	74742575
2	74742625	74742775
2	85107140	85107430
2	85107500	85107650
2	87016140	87016290
2	87016440	87016590
2	87018160	87018310
2	87018320	87018470
2	87018540	87018690
2	87036680	87036830
2	87036920	87037070
2	87037100	87037250
2	88751080	88751230
2	88751245	88751395
2	88751480	88751630
2	88752460	88752610
2	88752660	88752810
2	88752840	88752990
2	90413100	90413250
2	90413320	90413470
2	91670220	91670370
2	91766260	91766410
2	91775780	91775930
2	91775940	91776090
2	91776180	91776330
2	91776620	91776770
2	91776865	91777015
2	91777285	91777435
2	91777580	91777730
2	91786560	91786710
2	91786760	91786910
2	91786920	91787070
2	95690765	95690915
2	95690965	95691115
2	95691680	95691830
2	95691920	95692070
2	96782100	96782250
2	96782260	96782410
2	96782640	96782790
2	98963960	98964110
2	98964185	98964335
2	105460200	105460350
2	105460365	105460515
2	105460540	105460690
2	105468720	105468870
2	105468880	105469030
2	105469040	105469190
2	105470600	105470750
2	105470860	105471010
2	105471100	105471250
2	105472880	105473030
2	105473060	105473210
2	105473240	105473390
2	105473740	105473890
2	105473980	105474130
2	105479680	105479830
2	105479980	105480130
2	105480240	105480390
2	105489280	105489430
2	105489480	105489630
2	105489740	105489890
2	111490240	111490390
2	111490405	111490555
2	111490640	111490790
2	111490860	111491010
2	112656320	112656470
2	112656480	112656630
2	112656640	112656790
2	119913840	119913990
2	119914005	119914155
2	127976460	127976610
2	127976620	127976770
2	127976820	127976970
2	127977040	127977190
2	132767360	132767510
2	132767560	132767710
2	132767720	132767870
2	135475840	135475990
2	135476045	135476195
2	136874340	136874490
2	136874520	136874670
2	136874700	136874850
2	139537260	139537410
2	139537460	139537610
2	139537700	139537850
2	149634580	149634730
2	149634740	149634890
2	149635100	149635250
2	149645440	149645590
2	149645640	149645790
2	149645800	149645950
2	162272620	162272770
2	162272780	162272930
2	162272940	162273090
2	170217960	170218110
2	170218120	170218270
2	170218300	170218450
2	170219420	170219570
2	170219620	170219770
2	170219840	170219990
2	171570405	171570555
2	171570665	171570815
2	171570845	171570995
2	171573420	171573570
2	171573720	171573870
2	171675020	171675170
2	171675200	171675350
2	171675380	171675530
2	173600805	173600955
2	173600980	173601130
2	173601145	173601295
2	173601300	173601450
2	175199780	175199930
2	175199960	175200110
2	175200180	175200330
2	175594605	175594755
2	175594760	175594910
2	175594960	175595110
2	176931900	176932050
2	176932060	176932210
2	176932300	176932450
2	176932800	176932950
2	176932960	176933210
2	176933320	176933470
2	176945320	176945470
2	176945545	176945695
2	176945780	176945930
2	176946020	176946170
2	176946680	176946830
2	176946840	176946990
2	176947040	176947190
2	176948500	176948650
2	176948660	176948810
2	176948860	176949010
2	176953320	176953470
2	176953500	176953650
2	176958185	176958335
2	176958480	176958630
2	176971685	176971835
2	176971960	176972110
2	176972120	176972270
2	176974840	176974990
2	176975080	176975230
2	176976080	176976230
2	176976260	176976410
2	176981720	176981870
2	176981980	176982130
2	176988620	176988770
2	176988900	176989050
2	176994000	176994150
2	176994300	176994450
2	177000840	177000990
2	177001060	177001210
2	177001220	177001370
2	177029480	177029630
2	177029780	177029930
2	177029960	177030110
2	177052440	177052590
2	177052645	177052795
2	177052880	177053030
2	177053925	177054075
2	177054185	177054335
2	177054400	177054550
2	177502280	177502430
2	177502500	177502650
2	177502680	177502830
2	182544100	182544250
2	182544325	182544475
2	182544620	182544770
2	182547360	182547510
2	182547600	182547890
2	182549420	182549570
2	182549600	182549750
2	182549820	182549970
2	207127860	207128010
2	207128100	207128250
2	211089260	211089410
2	211089420	211089570
2	211089580	211089730
2	213401940	213402090
2	213402120	213402270
2	213402300	213402450
2	219723780	219723930
2	219723940	219724090
2	219724120	219724270
2	219724280	219724430
2	219724680	219724830
2	219724845	219724995
2	219725000	219725150
2	219824925	219825075
2	219825125	219825275
2	219825385	219825535
2	219826060	219826210
2	219826340	219826490
2	219849385	219849535
2	219849540	219849690
2	219849700	219849850
2	219867300	219867450
2	219867600	219867750
2	219922360	219922510
2	219922560	219922710
2	219922820	219922970
2	219923205	219923355
2	219923540	219923690
2	219923740	219923890
2	219924545	219924815
2	219924865	219925015
2	219925065	219925215
2	223177380	223177530
2	223177540	223177690
2	223177700	223177850
2	223177920	223178070
2	233216945	233217095
2	233217125	233217275
2	233217340	233217490
2	233253160	233253310
2	233253405	233253555
2	233284885	233285035
2	233285165	233285315
2	233351805	233351955
2	233352040	233352190
2	233352920	233353070
2	241035145	241035295
2	241035380	241035530
2	241035565	241035715
2	241035740	241035890
3	3840300	3840450
3	3840520	3840670
3	3840700	3840850
3	3841580	3841730
3	3841885	3842035
3	11035020	11035170
3	11035240	11035390
3	11035500	11035650
3	12330280	12330430
3	12330440	12330590
3	12330640	12330790
3	13323300	13323450
3	13323520	13323670
3	13323680	13323830
3	13325180	13325330
3	14644880	14645030
3	14645125	14645275
3	18485280	18485430
3	18485505	18485655
3	26664020	26664170
3	26664200	26664350
3	26664420	26664570
3	27755940	27756090
3	27756120	27756270
3	27756400	27756550
3	27764760	27764910
3	27765040	27765190
3	27765200	27765350
3	32858960	32859110
3	32859185	32859335
3	32859420	32859570
3	32860025	32860175
3	32860180	32860330
3	32860440	32860590
3	35681140	35681290
3	35681380	35681530
3	35681580	35681730
3	37492800	37492950
3	37493000	37493150
3	37493220	37493370
3	37493700	37493850
3	37493920	37494070
3	37494185	37494335
3	39543540	39543690
3	39543720	39543870
3	42305840	42305990
3	42306000	42306150
3	42306240	42306390
3	45837380	45837530
3	45837600	45837890
3	50242880	50243030
3	50243160	50243310
3	53529245	53529395
3	53529540	53529690
3	53529745	53529895
3	54155265	54155415
3	54155480	54155630
3	54155665	54155815
3	62355920	62356070
3	62356185	62356335
3	62356985	62357135
3	62357140	62357290
3	62359500	62359650
3	62359780	62359930
3	62359940	62360090
3	75788240	75788390
3	75788420	75788570
3	75788700	75788850
3	85008820	85008970
3	85009040	85009190
3	85009280	85009430
3	119813600	119813750
3	119813780	119813930
3	119813940	119814090
3	122681060	122681210
3	122681220	122681370
3	122745385	122745535
3	122745645	122745795
3	122745925	122746075
3	122746080	122746230
3	122747240	122747390
3	122747420	122747570
3	123167340	123167490
3	123167505	123167655
3	123167660	123167810
3	123167820	123167970
3	128151220	128151370
3	128151480	128151630
3	128151660	128151810
3	128215525	128215675
3	128215720	128215870
3	128215880	128216030
3	128719860	128720010
3	128720060	128720210
3	128720300	128720450
3	131753560	131753710
3	131753820	131753970
3	133464705	133464855
3	133464940	133465230
3	133748180	133748330
3	133748405	133748555
3	137485180	137485330
3	137485340	137485490
3	137485520	137485670
3	137489060	137489210
3	137489360	137489510
3	137489560	137489710
3	138655540	138655690
3	138655800	138655950
3	138657005	138657155
3	138657260	138657410
3	138657420	138657570
3	138658080	138658230
3	138658380	138658530
3	138662620	138662770
3	138662780	138662930
3	138662960	138663110
3	138663920	138664070
3	138664120	138664270
3	138664280	138664430
3	142607900	142608050
3	142608125	142608275
3	142608400	142608550
3	150259600	150259750
3	150259800	150259950
3	157824860	157825010
3	157825080	157825230
3	157825240	157825390
3	159942660	159942810
3	159942960	159943110
3	159943160	159943310
3	159944065	159944215
3	159944260	159944410
3	159944420	159944570
3	159944580	159944730
3	161090020	161090170
3	161090180	161090330
3	161090360	161090510
3	169384240	169384390
3	169384420	169384570
3	169384700	169384850
3	169386200	169386350
3	169386360	169386510
3	169386540	169386690
3	169386760	169386910
3	173113300	173113450
3	173113620	173113770
3	173302200	173302350
3	173302420	173302570
3	173302660	173302810
3	176754500	176754650
3	176754780	176754930
3	176754960	176755110
3	181413460	181413610
3	181413720	181413870
3	181429540	181429690
3	181429785	181429935
3	181429945	181430095
3	181430360	181430510
3	181430600	181430750
3	181445120	181445270
3	181445320	181445470
3	181445500	181445650
3	183948545	183948695
3	183948740	183948890
3	186078465	186078615
3	186078765	186078915
3	187396760	187396910
3	187396980	187397130
3	187397300	187397450
3	193848980	193849130
3	193849140	193849290
3	193849400	193849550
3	194030460	194030610
3	194030620	194030770
3	194030800	194030950
3	194118020	194118170
3	194118200	194118350
3	197802900	197803050
4	59240	59390
4	59460	59610
4	59620	59770
4	779540	779690
4	779740	779890
4	779920	780070
4	788720	788870
4	789000	789150
4	789160	789310
4	818825	818975
4	818980	819130
4	819145	819295
4	1395965	1396115
4	1396265	1396415
4	1396425	1396575
4	1397825	1397975
4	1398125	1398275
4	1398280	1398430
4	1398465	1398615
4	1401105	1401255
4	1401365	1401515
4	1401565	1401715
4	1795765	1795915
4	1795945	1796095
4	1796125	1796275
4	1796285	1796435
4	2419225	2419515
4	2419540	2419690
4	2419745	2419895
4	2419900	2420050
4	2420820	2420970
4	2421000	2421150
4	3748960	3749110
4	3749200	3749350
4	3749360	3749510
4	3809680	3809830
4	3809920	3810070
4	4227425	4227575
4	4227725	4227875
4	4227945	4228095
4	4228105	4228255
4	4228305	4228455
4	4229285	4229435
4	4229445	4229595
4	4387940	4388090
4	4388140	4388290
4	4388385	4388535
4	4388640	4388790
4	4873405	4873555
4	4873620	4873770
4	4873820	4873970
4	5893660	5893810
4	5893925	5894075
4	5894085	5894235
4	6473145	6473295
4	6473305	6473455
4	6473545	6473695
4	8147280	8147430
4	8894860	8895010
4	8895045	8895195
4	8895220	8895370
4	13523700	13523850
4	13523960	13524110
4	13524120	13524270
4	13524360	13524510
4	13528800	13528950
4	13528960	13529110
4	13529120	13529270
4	13529320	13529470
4	13529860	13530010
4	13530020	13530170
4	13530260	13530410
4	13530720	13530870
4	13530940	13531090
4	13531100	13531250
4	13535320	13535470
4	13535480	13535630
4	13535745	13535895
4	13535940	13536090
4	13548540	13548690
4	13548720	13548870
4	13548920	13549070
4	17783180	17783330
4	17783360	17783510
4	17783520	17783670
4	17783680	17783830
4	21949185	21949335
4	21949380	21949530
4	21949600	21949750
4	27014740	27014890
4	37455820	37455970
4	37456000	37456150
4	37456180	37456330
4	41363660	41363810
4	41363900	41364050
4	41746645	41746795
4	41746880	41747030
4	41747065	41747215
4	41749545	41749695
4	41749740	41749890
4	41752400	41752550
4	41752700	41752850
4	41752900	41753050
4	41867780	41867930
4	41868025	41868175
4	41868240	41868390
4	41882905	41883055
4	41883060	41883210
4	41883265	41883415
4	41884405	41884555
4	41884580	41884730
4	41884740	41884890
4	42153045	42153195
4	42153285	42153435
4	42153440	42153590
4	42398600	42398750
4	42398800	42398950
4	42398980	42399130
4	42400060	42400210
4	42400220	42400370
4	42400520	42400670
4	48486325	48486475
4	48486540	48486690
4	48486705	48486855
4	48492105	48492255
4	48492300	48492450
4	48492465	48492615
4	48987525	48987675
4	48987740	48987890
4	48988000	48988150
4	54966820	54966970
4	54966980	54967130
4	54967160	54967310
4	54967320	54967470
4	55096700	55096850
4	55096940	55097090
4	55097100	55097250
4	56501320	56501470
4	56501500	56501650
4	56501660	56501810
4	57521065	57521215
4	57521240	57521390
4	57521420	57521570
4	57687420	57687570
4	57687580	57687730
4	57687780	57687930
4	57695060	57695210
4	57695220	57695370
4	62066960	62067110
4	62067160	62067310
4	62067320	62067470
4	75411860	75412010
4	75412360	75412510
4	82964640	82964790
4	82964920	82965070
4	82965180	82965330
4	83482280	83482430
4	83482505	83482655
4	83482705	83482855
4	85419425	85419575
4	85419625	85419775
4	85419780	85419930
4	89378900	89379050
4	89379100	89379250
4	89379300	89379450
4	90759140	90759290
4	90759400	90759550
4	93225800	93225950
4	93225960	93226110
4	93226120	93226270
4	96468060	96468210
4	96468360	96468510
4	106817440	106817590
4	106817660	106817810
4	108939300	108939450
4	109089180	109089330
4	109089440	109089590
4	109089640	109089790
4	109092520	109092670
4	109092740	109092890
4	109092940	109093090
4	113441540	113441690
4	113441800	113441950
4	113441965	113442115
4	113442160	113442310
4	113444240	113444390
4	113444400	113444550
4	113444580	113444730
4	113627745	113627895
4	113627980	113628130
4	121993840	121993990
4	121994020	121994170
4	121994220	121994370
4	141488900	141489050
4	141489060	141489210
4	141489260	141489410
4	147560620	147560770
4	147560980	147561130
4	147561660	147561810
4	147561860	147562010
4	147562040	147562190
4	149364620	149364770
4	149364825	149364975
4	149365005	149365155
4	155411485	155411635
4	155411760	155411910
4	155663240	155663390
4	155663520	155663670
4	155663740	155663890
4	155663940	155664090
4	164265485	164265635
4	164265640	164265790
4	164265860	164266010
4	174452520	174452670
4	174452740	174452890
4	174459380	174459530
4	174459560	174459710
4	174459740	174459890
4	174460040	174460190
4	175138460	175138610
4	175138680	175138830
4	180979045	180979195
4	180979240	180979390
4	180979400	180979550
4	180980300	180980450
4	180980565	180980715
4	180980720	180980870
4	184828240	184828390
4	184828400	184828550
4	184828580	184828730
4	187026180	187026330
4	187026385	187026535
4	187026580	187026730
4	190569440	190569590
4	190569700	190569850
4	190569960	190570110
4	190821500	190821650
4	190821780	190821930
4	190821960	190822110
5	91760	91910
5	92060	92210
5	92220	92370
5	92565	92715
5	92800	92950
5	92960	93110
5	523800	523950
5	523960	524110
5	524145	524295
5	674000	674150
5	674285	674435
5	1005000	1005150
5	1005180	1005330
5	1009485	1009635
5	1009700	1009850
5	1009885	1010035
5	1446100	1446250
5	1446265	1446415
5	1446420	1446710
5	1874880	1875030
5	1875040	1875190
5	1875320	1875470
5	1875920	1876070
5	1876100	1876250
5	1876260	1876410
5	1883220	1883370
5	1883400	1883550
5	1883605	1883755
5	5140445	5140595
5	5140745	5140895
5	5140900	5141050
5	16180100	16180250
5	16180260	16180410
5	16180420	16180570
5	31194300	31194450
5	31194480	31194630
5	31194680	31194830
5	35229520	35229670
5	35229720	35229870
5	38258680	38258830
5	38258880	38259030
5	38259060	38259210
5	38259220	38259370
5	54518540	54518690
5	54518700	54518850
5	54518960	54519110
5	54523385	54523535
5	54523605	54523755
5	54523780	54523930
5	60138760	60138910
5	60139005	60139155
5	60139265	60139415
5	68787660	68787810
5	68787820	68787970
5	68788045	68788195
5	76115000	76115150
5	76115225	76115375
5	76932020	76932170
5	76932180	76932330
5	76932340	76932490
5	76933240	76933390
5	76933420	76933570
5	76933720	76933870
5	76936320	76936470
5	76936480	76936630
5	76936780	76936930
5	76940385	76940535
5	76940540	76940690
5	76940725	76940875
5	76940905	76941055
5	79330540	79330690
5	79330840	79330990
5	79331300	79331450
5	79331500	79331650
5	79331700	79331850
5	80255580	80255730
5	80255780	80255930
5	80256000	80256150
5	80256740	80256890
5	80256960	80257110
5	80257180	80257330
5	87967860	87968010
5	87968100	87968250
5	87968260	87968410
5	87973520	87973670
5	87973820	87973970
5	87973980	87974130
5	87976340	87976490
5	87976560	87976710
5	87976805	87976955
5	87978820	87978970
5	87978980	87979130
5	87979200	87979350
5	87979580	87979730
5	87979760	87979910
5	87980020	87980170
5	87981960	87982110
5	87982120	87982270
5	87982300	87982450
5	87982460	87982610
5	87991180	87991330
5	92945380	92945530
5	92945700	92945850
5	92945920	92946070
5	95768620	95768770
5	95768800	95768950
5	115151180	115151330
5	115151340	115151490
5	115151560	115151710
5	115907980	115908130
5	115908140	115908290
5	115908380	115908530
5	121648080	121648230
5	121648260	121648410
5	121648460	121648610
5	122423360	122423510
5	122423520	122423670
5	122423745	122423895
5	122424260	122424410
5	122424420	122424570
5	122424580	122424730
5	122428900	122429050
5	122429120	122429270
5	122429280	122429430
5	122434585	122434735
5	122434780	122434930
5	122434945	122435095
5	122435145	122435295
5	122435320	122435470
5	128796120	128796270
5	128796280	128796430
5	128796480	128796630
5	131346400	131346550
5	131346560	131346710
5	131346725	131346875
5	132148320	132148470
5	132148580	132148730
5	132148760	132148910
5	134870160	134870310
5	134870465	134870615
5	134871340	134871490
5	134871620	134871770
5	134879640	134879790
5	134879840	134879990
5	134880020	134880170
5	134913860	134914010
5	134914120	134914270
5	134914360	134914510
5	135265860	135266010
5	135266025	135266175
5	135266225	135266375
5	135266460	135266610
5	135527440	135527590
5	135527640	135527790
5	135527880	135528030
5	139175560	139175710
5	139175725	139175875
5	139175900	139176050
5	139283600	139283750
5	139283800	139283950
5	139284000	139284150
5	141082080	141082230
5	141082280	141082430
5	141082440	141082590
5	141258220	141258370
5	141258480	141258630
5	141258660	141258810
5	145718740	145718890
5	145719005	145719155
5	145719720	145719870
5	145719940	145720090
5	145720220	145720370
5	145724900	145725050
5	145725120	145725270
5	153851240	153851390
5	153851420	153851570
5	153851680	153851830
5	153854340	153854490
5	153854500	153854650
5	153854800	153854950
5	153855240	153855390
5	153855540	153855690
5	153855720	153855870
5	153856960	153857110
5	153857205	153857355
5	153857385	153857535
5	153858845	153858995
5	153859085	153859235
5	153859240	153859390
5	153989960	153990110
5	153990240	153990390
5	153990400	153990550
5	159375080	159375230
5	159375280	159375430
5	170734720	170734870
5	170735020	170735170
5	170735220	170735370
5	170735645	170735795
5	170735800	170735950
5	170736020	170736170
5	170737505	170737655
5	170737765	170737915
5	170743545	170743695
5	170743740	170743890
5	170743920	170744070
5	172659705	172659855
5	172660000	172660150
5	172670460	172670610
5	172670620	172670770
5	172670920	172671070
5	172671420	172671570
5	172671720	172671870
5	172671880	172672030
5	174148320	174148470
5	174148480	174148630
5	174148720	174148870
5	180017220	180017370
5	180017405	180017555
5	180017700	180017850
5	180076860	180077010
5	180077185	180077335
5	180077360	180077510
6	391060	391210
6	391300	391450
6	391485	391635
6	393645	393795
6	393880	394030
6	394085	394235
6	1312785	1312935
6	1313045	1313195
6	1313340	1313490
6	1313500	1313650
6	1378545	1378695
6	1378725	1378875
6	1379025	1379175
6	1383160	1383310
6	1383380	1383530
6	1384900	1385050
6	1385085	1385235
6	1385280	1385430
6	1388940	1389090
6	1389100	1389250
6	1389305	1389455
6	1389460	1389610
6	1389660	1389810
6	1390965	1391115
6	1391160	1391310
6	1391325	1391475
6	1392520	1392670
6	1392705	1392855
6	1392880	1393030
6	1393600	1393750
6	1393840	1393990
6	1604920	1605070
6	1605140	1605290
6	1607900	1608050
6	1608200	1608350
6	1608745	1608895
6	1609005	1609155
6	3227860	3228010
6	3228020	3228170
6	3228240	3228390
6	3455925	3456075
6	3456205	3456355
6	3456360	3456510
6	6002980	6003130
6	6003200	6003350
6	6005280	6005430
6	6005480	6005630
6	6005700	6005850
6	7725240	7725390
6	7725445	7725595
6	7725780	7725930
6	7726420	7726570
6	7726625	7726775
6	7726785	7726935
6	7726985	7727135
6	7727425	7727575
6	7727665	7727815
6	7727820	7727970
6	10385745	10385895
6	10385940	10386090
6	10386140	10386290
6	10389840	10389990
6	10390000	10390150
6	10390160	10390310
6	10390320	10390470
6	10390780	10390930
6	10390940	10391090
6	10391100	10391250
6	10391260	10391410
6	10409680	10409830
6	10409860	10410010
6	10410140	10410290
6	10411500	10411650
6	10411660	10411810
6	10411885	10412035
6	10413200	10413350
6	10413360	10413510
6	10413585	10413735
6	10413940	10414090
6	10414140	10414290
6	10414400	10414550
6	10414940	10415090
6	10415100	10415250
6	10415320	10415470
6	10415480	10415630
6	11043520	11043670
6	11043765	11043915
6	11043940	11044090
6	11044180	11044330
6	16229320	16229470
6	16229500	16229650
6	16229660	16229810
6	18277800	18277950
6	18277965	18278115
6	18278160	18278310
6	21664400	21664550
6	21664660	21664810
6	21664820	21664970
6	21666420	21666570
6	21666580	21666730
6	21666840	21666990
6	21667020	21667170
6	28175720	28175870
6	28175880	28176030
6	28176040	28176190
6	29973980	29974130
6	29974160	29974310
6	29974400	29974550
6	30042665	30042815
6	30042865	30043015
6	30043080	30043230
6	30095200	30095350
6	30095400	30095550
6	30095700	30095850
6	30434100	30434250
6	30434360	30434510
6	30434520	30434670
6	32063880	32064030
6	32064140	32064290
6	32064320	32064470
6	34031540	34031690
6	35182220	35182370
6	35182400	35182550
6	35182625	35182775
6	37501580	37501730
6	37501740	37501890
6	37664020	37664170
6	37664185	37664335
6	41340320	41340470
6	41340480	41340630
6	41340800	41340950
6	41341100	41341250
6	41341340	41341490
6	41341540	41341690
6	41393920	41394070
6	41394220	41394370
6	41394380	41394530
6	43210480	43210630
6	43210860	43211010
6	43211100	43211250
6	44237480	44237630
6	44237680	44237830
6	44237840	44237990
6	44238045	44238195
6	44265645	44265795
6	44265820	44265970
6	44266085	44266235
6	45982420	45982570
6	45982600	45982750
6	45982900	45983050
6	46703340	46703490
6	46703500	46703650
6	49518420	49518570
6	49518580	49518730
6	49518780	49518930
6	54711120	54711270
6	54711280	54711430
6	54711440	54711590
6	57373580	57373730
6	57451540	57451690
6	57451780	57451930
6	57495720	57495870
6	57496020	57496170
6	57496200	57496350
6	58147460	58147610
6	58147620	58147770
6	69345400	69345550
6	69345600	69345750
6	69345760	69345910
6	69345960	69346110
6	85481240	85481390
6	85481400	85481550
6	85481600	85481750
6	85482340	85482490
6	85482520	85482670
6	85482760	85482910
6	87647140	87647290
6	87647400	87647550
6	88875160	88875310
6	88875380	88875530
6	88875540	88875690
6	88877060	88877210
6	88877220	88877370
6	88877480	88877630
6	94128600	94128750
6	94128800	94128950
6	94128960	94129110
6	99276840	99276990
6	99277120	99277270
6	99277380	99277530
6	99279100	99279250
6	99279260	99279410
6	100039400	100039550
6	100039560	100039710
6	100039720	100039870
6	100050480	100050630
6	100050660	100050810
6	100050840	100050990
6	100054520	100054670
6	100054720	100054870
6	100054900	100055050
6	100055060	100055210
6	100055580	100055730
6	100055800	100055950
6	100056040	100056190
6	100061620	100061770
6	100061845	100061995
6	100062005	100062155
6	100062180	100062330
6	105387745	105387895
6	105387940	105388090
6	105388140	105388290
6	105389600	105389750
6	105389800	105389950
6	105400660	105400810
6	105400880	105401030
6	105401120	105401270
6	106808945	106809095
6	106809145	106809295
6	106809405	106809555
6	106959020	106959170
6	106959240	106959390
6	108477380	108477530
6	108477620	108477770
6	108477920	108478070
6	108478840	108478990
6	108479020	108479170
6	108479320	108479470
6	108479480	108479630
6	108484940	108485090
6	108485160	108485310
6	108485940	108486090
6	108486160	108486310
6	108486425	108486575
6	108490445	108490595
6	108490620	108490770
6	110679480	110679630
6	110679680	110679830
6	110679900	110680050
6	111409160	111409310
6	111409425	111409575
6	111409620	111409770
6	123316840	123316990
6	123317020	123317170
6	123317220	123317370
6	126068825	126069115
6	126069180	126069330
6	126069365	126069515
6	127441180	127441330
6	127441380	127441530
6	127441565	127441715
6	127441720	127441870
6	127442180	127442330
6	127442380	127442530
6	133564380	133564530
6	133564640	133564790
6	137242100	137242250
6	137242365	137242515
6	137808860	137809010
6	137809145	137809295
6	137809340	137809490
6	137815640	137815790
6	137815840	137815990
6	150312100	150312250
6	150312260	150312410
6	150312500	150312650
6	150359525	150359675
6	150359960	150360110
6	150921500	150921650
6	150921660	150921810
6	150921900	150922050
6	152128640	152128790
6	152128900	152129050
6	152129120	152129270
6	152129580	152129730
6	152129740	152129890
6	152130040	152130190
6	159590920	159591070
6	159591080	159591230
6	159591320	159591470
7	330085	330235
7	330385	330535
7	330545	330695
7	330705	330855
7	330860	331010
7	1264265	1264415
7	1268920	1269070
7	1269125	1269275
7	1269305	1269455
7	1271520	1271670
7	1271705	1271855
7	1271960	1272110
7	1277145	1277295
7	1277320	1277470
7	1277480	1277630
7	1277645	1277795
7	1278700	1278850
7	1278960	1279110
7	1279480	1279630
7	1279720	1279870
7	1279900	1280050
7	1287905	1288055
7	1288160	1288310
7	1288400	1288550
7	1631100	1631250
7	1631340	1631490
7	1706160	1706310
7	1706385	1706535
7	1706545	1706695
7	12610580	12610730
7	12610800	12610950
7	12610960	12611110
7	18126840	18126990
7	18127000	18127150
7	18127280	18127430
7	20827040	20827190
7	20827240	20827390
7	20827440	20827590
7	23509685	23509835
7	23509980	23510130
7	23510140	23510290
7	23514060	23514210
7	23514220	23514370
7	23514380	23514530
7	23514540	23514690
7	23515000	23515150
7	23515160	23515310
7	23515360	23515510
7	26415340	26415490
7	26415560	26415710
7	26415880	26416030
7	27264940	27265090
7	27265120	27265270
7	27265280	27265430
7	27279480	27279630
7	27279640	27279790
7	27279805	27279955
7	27279960	27280110
7	27290920	27291070
7	27291085	27291235
7	27291240	27291390
7	28995720	28995870
7	28996000	28996150
7	28996260	28996410
7	28997160	28997310
7	28997320	28997470
7	28997620	28997770
7	30721040	30721190
7	30721200	30721350
7	30721385	30721535
7	30722280	30722430
7	30722480	30722630
7	35289100	35289250
7	35289260	35289410
7	35289440	35289590
7	35293240	35293390
7	35293480	35293630
7	35293660	35293810
7	35294260	35294410
7	35294500	35294650
7	38414100	38414250
7	38414360	38414510
7	43153460	43153610
7	43153680	43153830
7	48075200	48075350
7	48075380	48075530
7	48075600	48075750
7	73062200	73062350
7	73062460	73062610
7	75910400	75910550
7	75910580	75910730
7	75910760	75910910
7	92640660	92640810
7	96621520	96621670
7	96621680	96621830
7	96621885	96622035
7	96647500	96647650
7	96647740	96647890
7	96648460	96648610
7	96648680	96648830
7	96648980	96649130
7	96653400	96653550
7	96653600	96653750
7	96653800	96653950
7	97361605	97361755
7	97361780	97361930
7	97361965	97362115
7	100493865	100494015
7	100494080	100494230
7	100494260	100494410
7	100610885	100611035
7	100611345	100611495
7	100815400	100815550
7	100815580	100815730
7	100823400	100823550
7	100823560	100823710
7	100823765	100823915
7	116853360	116853510
7	116853700	116853850
7	121945940	121946090
7	121946205	121946355
7	121946360	121946510
7	128555400	128555550
7	128555665	128555815
7	129418720	129418870
7	129418885	129419035
7	129419085	129419235
7	129419240	129419390
7	129421040	129421190
7	129421345	129421495
7	129421565	129421715
7	129422105	129422255
7	129422260	129422410
7	129422445	129422595
7	129422820	129422970
7	129422985	129423135
7	129423140	129423290
7	129423340	129423490
7	136553860	136554010
7	136554060	136554210
7	136554220	136554370
7	139207920	139208070
7	139208120	139208270
7	139208285	139208435
7	139930605	139930755
7	139930760	139930910
7	139931060	139931210
7	149461340	149461490
7	149461580	149461730
7	149461760	149461910
7	150863925	150864075
7	150864145	150864295
7	150864380	150864530
7	150864565	150864715
7	151107280	151107430
7	151107480	151107630
7	151107760	151107910
7	152103700	152103850
7	152103885	152104035
7	152104060	152104210
7	152104220	152104370
7	155164600	155164750
7	155164800	155164950
7	155165080	155165230
7	155166260	155166410
7	155166420	155166570
7	155166600	155166750
7	155167265	155167415
7	155167480	155167630
7	155167640	155167790
7	155167880	155168030
7	155169900	155170050
7	155170240	155170390
7	155170420	155170570
7	155244240	155244390
7	155244480	155244630
7	155245420	155245570
7	155245660	155245810
7	155245880	155246030
7	155246885	155247035
7	155247060	155247210
7	155247240	155247390
7	155247425	155247575
7	155250805	155250955
7	155251105	155251255
7	155325720	155325870
7	155325945	155326095
7	155326165	155326315
7	155326380	155326530
7	155326600	155326750
7	155601320	155601470
7	155601600	155601750
7	155601820	155601970
7	156793725	156793875
7	156793920	156794070
7	156794700	156794850
7	156794965	156795115
7	156796860	156797010
7	156797040	156797190
7	156797225	156797375
7	156813420	156813570
7	156813645	156813795
7	156813805	156813955
7	156813980	156814130
7	156814145	156814295
8	689140	689290
8	689300	689450
8	689600	689750
8	9756265	9756415
8	9756545	9756695
8	9760745	9760895
8	9760900	9761050
8	9761160	9761310
8	9762645	9762795
8	9762900	9763050
8	9763060	9763210
8	11421665	11421815
8	11421925	11422075
8	11539580	11539730
8	11539740	11539890
8	11539900	11540050
8	11551805	11551955
8	11555320	11555470
8	11555520	11555670
8	11555780	11555930
8	11559460	11559610
8	11559620	11559770
8	11559920	11560070
8	11563060	11563210
8	11563320	11563470
8	11564000	11564150
8	11564220	11564370
8	11564460	11564610
8	11565540	11565690
8	11565820	11565970
8	11565985	11566135
8	11567280	11567430
8	11567440	11567590
8	11567680	11567830
8	19796040	19796190
8	19796220	19796370
8	19796440	19796590
8	21645105	21645255
8	21645405	21645555
8	21645565	21645855
8	21645860	21646010
8	21646040	21646190
8	22548985	22549135
8	22549285	22549435
8	23562380	23562530
8	23562600	23562750
8	23564380	23564530
8	23564560	23564710
8	24813100	24813250
8	24813360	24813510
8	24814640	24814790
8	24814820	24814970
8	25904140	25904290
8	25904340	25904490
8	25904580	25904730
8	26722025	26722175
8	26722280	26722430
8	26724260	26724410
8	26724440	26724590
8	26724740	26724890
8	28175680	28175830
8	28175860	28176010
8	28176060	28176210
8	29209245	29209395
8	29209440	29209590
8	29209625	29209775
8	41503940	41504090
8	41504140	41504290
8	41504385	41504535
8	42010180	42010330
8	42010340	42010490
8	53478045	53478195
8	53478320	53478470
8	53478505	53478655
8	54789225	54789375
8	54789400	54789550
8	54789580	54789730
8	54789820	54789970
8	55365925	55366075
8	55366100	55366250
8	55366260	55366410
8	55371080	55371230
8	55371245	55371395
8	55371465	55371615
8	55378765	55378915
8	55378960	55379110
8	55379240	55379390
8	55379420	55379570
8	57069625	57069775
8	57069885	57070035
8	57070040	57070190
8	57358005	57358155
8	57358200	57358350
8	57358365	57358515
8	67873060	67873210
8	67873220	67873370
8	67873405	67873555
8	67874220	67874370
8	67874580	67874730
8	70982625	70982775
8	70982905	70983055
8	70983065	70983215
8	70983245	70983395
8	70984200	70984350
8	70984380	70984530
8	80524360	80524510
8	80524560	80524710
8	80524860	80525010
8	81489320	81489470
8	82771780	82771930
8	91803880	91804030
8	91804160	91804310
8	91804360	91804510
8	93106800	93106950
8	93106960	93107110
8	93107140	93107290
8	95652080	95652230
8	95652240	95652390
8	95652500	95652770
8	95654040	95654190
8	95654265	95654415
8	95654425	95654575
8	129277520	129277670
8	132053305	132053455
8	132053560	132053710
8	143532545	143532695
8	143532805	143532955
8	144511405	144511555
8	144511645	144511795
8	144511800	144511950
8	145104180	145104330
8	145104360	145104510
8	145104600	145104750
8	145104765	145104915
8	145105620	145105770
8	145105860	145106010
8	145106040	145106190
8	145555945	145556215
8	145556305	145556455
8	145558245	145558395
8	145558400	145558550
8	145558640	145558790
8	145561045	145561195
8	145561320	145561470
8	145562080	145562230
8	145562405	145562555
8	145698160	145698310
8	145698420	145698570
9	114945	115095
9	115120	115270
9	975920	976070
9	976125	976275
9	976360	976510
9	8857260	8857410
9	8857500	8857650
9	23831240	23831390
9	23831520	23831670
9	34591365	34591515
9	34591520	34591670
9	34591760	34591910
9	34628580	34628730
9	34628765	34628915
9	34628920	34629070
9	35815020	35815170
9	35815180	35815330
9	35815340	35815490
9	36985625	36985775
9	36985845	36985995
9	36986605	36986755
9	36986800	36986950
9	37025425	37025575
9	37025625	37025775
9	37025780	37025930
9	37026265	37026415
9	37026525	37026675
9	37026745	37026895
9	37030205	37030355
9	37030385	37030535
9	37030700	37030850
9	37034720	37034870
9	37034940	37035090
9	37035765	37035915
9	37035940	37036090
9	37036200	37036350
9	37036440	37036590
9	71321000	71321150
9	71321300	71321450
9	71321460	71321610
9	79630065	79630215
9	79630365	79630515
9	79630720	79630870
9	79630905	79631175
9	79631180	79631330
9	79632880	79633030
9	79633045	79633195
9	79633245	79633395
9	79634240	79634390
9	79634520	79634670
9	79635520	79635670
9	79635780	79635930
9	79635940	79636090
9	79636100	79636250
9	79637225	79637375
9	79637400	79637550
9	79637640	79637790
9	80262280	80262430
9	80262560	80262710
9	87285420	87285570
9	87285720	87285870
9	94711980	94712130
9	94712200	94712350
9	95570625	95570775
9	95570805	95570955
9	95570960	95571110
9	95571120	95571270
9	95924320	95924470
9	95924520	95924670
9	95924700	95924850
9	96108340	96108490
9	96108500	96108650
9	96108660	96108810
9	96715320	96715470
9	96715585	96715735
9	96715845	96715995
9	96717740	96717890
9	96717980	96718130
9	96718140	96718290
9	98783420	98783570
9	98783620	98783770
9	98784100	98784250
9	98784320	98784470
9	98784545	98784695
9	100610460	100610610
9	100610700	100610850
9	100614840	100614990
9	100615000	100615150
9	100615185	100615335
9	100616865	100617015
9	100617105	100617255
9	100617260	100617410
9	100617485	100617635
9	116112385	116112535
9	116112600	116112750
9	116112820	116112970
9	116449645	116449795
9	116449920	116450070
9	117657760	117657910
9	117657920	117658070
9	117658120	117658270
9	124260780	124260930
9	124261005	124261155
9	124983260	124983410
9	124983460	124983610
9	124983720	124983870
9	124989725	124989875
9	124989965	124990115
9	124990340	124990490
9	124990525	124990675
9	124990740	124990890
9	124991260	124991410
9	124991420	124991570
9	124991620	124991770
9	126762460	126762610
9	126762680	126762830
9	126763000	126763150
9	126770320	126770470
9	126770540	126770690
9	126770760	126770910
9	127265960	127266110
9	127266140	127266290
9	127266300	127266450
9	127266485	127266635
9	127531640	127531890
9	127531900	127532050
9	127532060	127532210
9	127532245	127532395
9	127532445	127532595
9	127532640	127532790
9	129372905	129373055
9	129373200	129373350
9	129374160	129374310
9	129374385	129374535
9	129374540	129374690
9	129374945	129375095
9	129375100	129375250
9	129375265	129375415
9	129375445	129375595
9	129376705	129376855
9	129376880	129377030
9	129377045	129377195
9	129485920	129486070
9	129486200	129486350
9	129486400	129486550
9	130516680	130516830
9	130516945	130517095
9	130517165	130517315
9	131843080	131843230
9	131843240	131843390
9	133534445	133534595
9	133534665	133534815
9	133534845	133534995
9	133536285	133536435
9	133536465	133536615
9	133536625	133536775
9	133537380	133537530
9	133537680	133537830
9	133538605	133538755
9	133538865	133539015
9	133539060	133539210
9	133540820	133540970
9	133540980	133541130
9	133541145	133541295
9	133541385	133541535
9	135039240	135039390
9	135039440	135039590
9	135039665	135039815
9	135450520	135450670
9	135450920	135451070
9	135454760	135454910
9	135454980	135455130
9	135455285	135455435
9	135455565	135455715
9	135456685	135456835
9	135456925	135457075
9	135459145	135459295
9	135459400	135459550
9	135462100	135462250
9	135462305	135462455
9	135462480	135462630
9	135462645	135462795
9	135464440	135464590
9	135464645	135464795
9	135464905	135465055
9	135466025	135466175
9	135466245	135466395
9	135466520	135466670
9	139084180	139084330
9	139084340	139084490
9	139084665	139084815
9	139085045	139085195
9	139085305	139085455
9	139085500	139085650
9	139091325	139091615
9	139091685	139091835
9	139092005	139092155
9	139092180	139092330
9	139093305	139093455
9	139093465	139093615
9	139093700	139093850
9	140222240	140222390
9	140222420	140222570
9	140222680	140222830
10	7450540	7450690
10	7450860	7451010
10	7451320	7451470
10	7451480	7451630
10	7451640	7451790
10	7454500	7454650
10	7454780	7454930
10	8077420	8077570
10	8077640	8077790
10	8078980	8079130
10	8079140	8079290
10	8079360	8079510
10	8087280	8087430
10	8087460	8087610
10	8087705	8087855
10	8090120	8090270
10	8090340	8090490
10	8090520	8090670
10	8091000	8091150
10	8091305	8091455
10	8091460	8091610
10	8091825	8091975
10	8092080	8092230
10	8092245	8092395
10	8092400	8092550
10	15760660	15760810
10	15760820	15760970
10	15761100	15761250
10	15761260	15761410
10	22611025	22611175
10	22611285	22611435
10	22625420	22625570
10	22625640	22625790
10	22625920	22626070
10	22626080	22626230
10	22633680	22633830
10	22633860	22634010
10	28034940	28035090
10	28035100	28035250
10	28035260	28035410
10	28035480	28035630
10	43249585	43249735
10	43249825	43249975
10	43250125	43250275
10	47028460	47028610
10	47059020	47059170
10	47059200	47059350
10	47059380	47059530
10	47117880	47118030
10	47144745	47144895
10	47144900	47145050
10	50604080	50604230
10	50604280	50604430
10	50604500	50604650
10	50606420	50606570
10	50606580	50606730
10	50606820	50606970
10	50818545	50818695
10	50818760	50818910
10	50822525	50822675
10	50822785	50822935
10	50823005	50823155
10	71331985	71332135
10	71332300	71332450
10	73156885	73157035
10	73157060	73157210
10	73157225	73157375
10	88125445	88125595
10	88125600	88125750
10	94832720	94832870
10	94832925	94833075
10	99790765	99790915
10	99790940	99791090
10	99791125	99791275
10	100993420	100993570
10	100993680	100993830
10	100993860	100994010
10	100996380	100996530
10	100996560	100996710
10	100996740	100996890
10	101282460	101282610
10	101282700	101282850
10	101282880	101283030
10	101294520	101294670
10	101294700	101294850
10	101294860	101295010
10	101295080	101295230
10	102415440	102415590
10	102415725	102415875
10	102430565	102430715
10	102430860	102431010
10	102490880	102491030
10	102491040	102491190
10	102491220	102491370
10	102491405	102491555
10	102497480	102497630
10	102497640	102497790
10	102497805	102497955
10	102498080	102498230
10	102499320	102499470
10	102499540	102499690
10	102499800	102499950
10	102505440	102505590
10	102505640	102505790
10	102505820	102505970
10	102505985	102506135
10	102508820	102508970
10	102509065	102509215
10	102509300	102509450
10	102586580	102586730
10	102586780	102586930
10	102587025	102587175
10	102587220	102587370
10	102891220	102891370
10	102891585	102891735
10	102894065	102894215
10	102894260	102894410
10	102894505	102894655
10	102905860	102906010
10	102906060	102906210
10	102906445	102906595
10	102906620	102906770
10	102984620	102984770
10	102984800	102984950
10	102984960	102985110
10	102987845	102987995
10	102988060	102988210
10	102988265	102988415
10	102988420	102988570
10	102988780	102988930
10	102988980	102989130
10	102989160	102989310
10	103534845	103534995
10	103535085	103535235
10	103535300	103535450
10	104221320	104221470
10	104221565	104221715
10	105036780	105036930
10	105037060	105037210
10	105037320	105037470
10	109374340	109374490
10	109374800	109374950
10	116854220	116854370
10	116854400	116854550
10	116854620	116854770
10	118891100	118891250
10	118891280	118891430
10	118891440	118891590
10	118892480	118892630
10	118892680	118892830
10	118892905	118893055
10	118897300	118897450
10	118897785	118897935
10	118897940	118898090
10	118898165	118898315
10	118898400	118898550
10	118898560	118898710
10	118898760	118898910
10	118899445	118899595
10	118899660	118899810
10	118899825	118899975
10	118921900	118922050
10	118922160	118922310
10	118922320	118922470
10	118926440	118926590
10	118926640	118926790
10	118926820	118926970
10	119292160	119292310
10	119292320	119292470
10	119292500	119292650
10	119296960	119297110
10	119297220	119297370
10	119301380	119301530
10	119301680	119301830
10	119303820	119303970
10	119304005	119304155
10	119304260	119304410
10	119304425	119304575
10	119304600	119304750
10	124892420	124892570
10	124892600	124892750
10	124892820	124892970
10	124896105	124896255
10	124896285	124896435
10	124896500	124896650
10	124899280	124899570
10	124899705	124899855
10	124901105	124901255
10	124901265	124901415
10	124901420	124901570
10	124904060	124904210
10	124904320	124904470
10	124904480	124904630
10	124905340	124905490
10	124905640	124905790
10	124905805	124905955
10	124907280	124907430
10	124907500	124907650
10	125343100	125343250
10	125343300	125343450
10	125730640	125730790
10	126136565	126136715
10	126136780	126136930
10	126136965	126137115
10	126137920	126138070
10	126138125	126138275
10	126138445	126138595
10	126138900	126139050
10	126139060	126139210
10	134341600	134341750
10	134341780	134341930
10	134342020	134342170
10	134598220	134598370
10	134598405	134598555
10	134598560	134598710
10	134598725	134598875
10	134599985	134600135
10	134600205	134600355
10	134600425	134600575
10	134901520	134901670
10	134901825	134901975
10	135049965	135050115
10	135050225	135050375
10	135050440	135050590
10	135138665	135138815
10	135138920	135139070
10	135139100	135139250
10	135139265	135139415
10	135139860	135140010
10	135148540	135148690
10	135148720	135148870
10	135148900	135149050
10	135341065	135341215
10	135341380	135341530
11	281320	281470
11	281625	281775
11	281785	281935
11	288400	288550
11	288585	288735
11	288785	288935
11	368425	368575
11	368605	368755
11	368840	368990
11	399900	400050
11	400080	400230
11	400285	400435
11	8284180	8284330
11	8284400	8284550
11	8284605	8284755
11	13031860	13032010
11	13032045	13032195
11	13032280	13032430
11	13032860	13033010
11	13033020	13033170
11	13033180	13033330
11	13033340	13033490
11	13298940	13299090
11	13299100	13299250
11	13299260	13299410
11	16627840	16627990
11	16628140	16628290
11	16628300	16628450
11	19263160	19263310
11	19263385	19263535
11	19263665	19263815
11	19263885	19264135
11	20183680	20183830
11	20183980	20184130
11	20184180	20184330
11	20184680	20184830
11	20184880	20185030
11	20185080	20185230
11	20185680	20185830
11	20185880	20186030
11	20621125	20621275
11	20621400	20621550
11	31820320	31820470
11	31820520	31820670
11	31820785	31820935
11	31839145	31839295
11	31839305	31839455
11	31839460	31839610
11	31846740	31846890
11	31846940	31847090
11	31847100	31847250
11	31847260	31847410
11	31848240	31848390
11	31848500	31848650
11	32455300	32455450
11	32455580	32455730
11	43603725	43603875
11	43603920	43604070
11	43604245	43604395
11	43964445	43964595
11	43964680	43964830
11	43965640	43965790
11	43965840	43965990
11	43966000	43966150
11	43966160	43966310
11	44326860	44327010
11	44327060	44327210
11	44327320	44327470
11	44383600	44383750
11	44383765	44383915
11	45944500	45944650
11	45944805	45944955
11	46411985	46412135
11	46412145	46412295
11	46412300	46412450
11	46412485	46412635
11	47615285	47615435
11	47615520	47615670
11	47615680	47615830
11	56968900	56969050
11	56969100	56969250
11	56969260	56969410
11	57226480	57226630
11	57226645	57226795
11	57226840	57226990
11	57249805	57249955
11	57250000	57250150
11	57250240	57250390
11	62691140	62691290
11	62691365	62691515
11	62691560	62691710
11	62693520	62693670
11	62693680	62693830
11	62693900	62694050
11	64059160	64059450
11	64059560	64059710
11	64059760	64059910
11	64480565	64480715
11	64480720	64480870
11	64480940	64481090
11	65553940	65554090
11	65554220	65554370
11	65554500	65554650
11	65554700	65554850
11	65554885	65555035
11	65555260	65555410
11	65555440	65555590
11	65555625	65555775
11	66139580	66139730
11	66139740	66139890
11	66139900	66140050
11	66140140	66140290
11	66496105	66496255
11	66496260	66496410
11	66496460	66496610
11	69517460	69517610
11	69517625	69517775
11	69517820	69517970
11	69518840	69518990
11	69519065	69519215
11	69519220	69519370
11	69519380	69519530
11	69831245	69831395
11	69831465	69831615
11	69831720	69831870
11	69923965	69924115
11	69924220	69924370
11	69924380	69924530
11	71955520	71955670
11	71955680	71955830
11	71955845	71955995
11	71956020	71956170
11	75479960	75480110
11	75480220	75480370
11	75480385	75480535
11	100998520	100998670
11	100998725	100998875
11	100998960	100999110
11	100999205	100999355
11	102228740	102228890
11	109293880	109294030
11	109294080	109294230
11	109294320	109294470
11	110583420	110583570
11	110583620	110583770
11	110583780	110583930
11	112916220	112916370
11	118023105	118023255
11	118023340	118023490
11	118023540	118023690
11	121700820	121700970
11	121701280	121701430
11	124709560	124709710
11	124709740	124709890
11	124709960	124710110
11	124735845	124736135
11	124736280	124736430
11	124738460	124738610
11	124738625	124738775
11	124738880	124739030
11	128555940	128556090
11	128556125	128556275
11	128556300	128556450
11	128556460	128556610
11	128558820	128558970
11	128559080	128559230
11	128564805	128564955
11	128565120	128565270
11	128565280	128565430
11	129242700	129242850
11	129242945	129243095
11	129245920	129246070
11	129246140	129246290
11	129246360	129246510
11	130030020	130030170
11	130030240	130030390
11	130030445	130030595
11	130030720	130030870
11	130297340	130297490
11	130297500	130297650
11	130297680	130297830
11	130298560	130298710
11	130298760	130298910
11	133824985	133825135
11	133825240	133825390
11	133825500	133825650
12	2161125	2161275
12	2161280	2161430
12	2161440	2161590
12	2162100	2162250
12	2162400	2162550
12	2162585	2162735
12	3474545	3474695
12	3474765	3474915
12	3474945	3475095
12	3600325	3600475
12	3600600	3600750
12	3600765	3600915
12	4377520	4377670
12	4377820	4377970
12	4378000	4378150
12	4379220	4379370
12	4379400	4379550
12	4380120	4380270
12	4380280	4380430
12	4380500	4380650
12	4918720	4918870
12	4918920	4919070
12	4919185	4919335
12	5018920	5019070
12	5019120	5019270
12	5019280	5019430
12	5019440	5019590
12	5019605	5019755
12	5019900	5020050
12	5020065	5020215
12	19353320	19353470
12	19353480	19353630
12	22094400	22094550
12	22094580	22094730
12	22094780	22094930
12	22486700	22486850
12	22486860	22487010
12	22487105	22487255
12	45268960	45269110
12	45269160	45269310
12	45269465	45269615
12	48396080	48396230
12	48396280	48396430
12	48396600	48396750
12	48397480	48397630
12	48397680	48397830
12	48397920	48398070
12	49372765	49372915
12	49372980	49373130
12	49373220	49373370
12	49373445	49373595
12	49374125	49374275
12	49374440	49374590
12	49374600	49374750
12	49374820	49374970
12	49690700	49690850
12	49690960	49691110
12	49730265	49730415
12	49730625	49730775
12	49740180	49740330
12	49740365	49740515
12	49740625	49740775
12	49931905	49932055
12	49932225	49932375
12	49933045	49933335
12	49933485	49933635
12	58015200	58015350
12	58015420	58015570
12	58015620	58015770
12	58130520	58130670
12	58130685	58130835
12	58130840	58130990
12	58131045	58131195
12	58131580	58131730
12	58131760	58131910
12	58131920	58132070
12	58133040	58133190
12	58133240	58133390
12	58159200	58159350
12	58159360	58159510
12	58159520	58159670
12	62586320	62586470
12	62586520	62586670
12	63545300	63545450
12	63545460	63545610
12	63545740	63545890
12	65175280	65175430
12	65175480	65175630
12	66411620	66411770
12	66411780	66411930
12	85674000	85674150
12	85674160	85674310
12	85674360	85674510
12	85674540	85674690
12	94543680	94543830
12	94543880	94544030
12	94544100	94544370
12	95267600	95267750
12	95267780	95267930
12	95267940	95268090
12	106976540	106976690
12	106976705	106976855
12	106976940	106977090
12	109747785	109747935
12	109748020	109748170
12	109748185	109748335
12	111472000	111472150
12	111472200	111472350
12	111472440	111472590
12	111473420	111473570
12	111473600	111473750
12	111473800	111473950
12	111473960	111474110
12	113901500	113901650
12	113901660	113901810
12	113901860	113902010
12	113905765	113905915
12	113905980	113906130
12	113911605	113911755
12	113911760	113911910
12	113912005	113912155
12	113913820	113913970
12	113913980	113914130
12	113914145	113914295
12	113914365	113914515
12	113917460	113917610
12	113917700	113917850
12	113917980	113918130
12	114833960	114834110
12	114834160	114834310
12	114834360	114834510
12	115135520	115135670
12	115135680	115135830
12	115135880	115136030
12	115136060	115136210
12	115136220	115136370
12	117131340	117131490
12	117131620	117131770
12	117536285	117536435
12	117536580	117536730
12	117536745	117536895
12	122688400	122688550
12	122688565	122688715
12	122688720	122688870
12	122688905	122689055
12	125672460	125672610
12	125672680	125672830
12	125672880	125673030
12	132689840	132689990
12	132690120	132690270
12	132690300	132690450
12	132690500	132690650
12	132976680	132976830
12	132976880	132977030
12	132977060	132977210
12	133183260	133183410
13	20805680	20805830
13	20805880	20806030
13	20806085	20806235
13	22247320	22247470
13	22247560	22247710
13	22247720	22247870
13	25254605	25254755
13	25254865	25255015
13	25321100	25321250
13	25321260	25321410
13	25321425	25321575
13	27334120	27334270
13	27334325	27334475
13	27334505	27334655
13	27334660	27334810
13	28364045	28364195
13	28364240	28364390
13	28364400	28364550
13	28494700	28494850
13	28494965	28495115
13	28549680	28549830
13	28549840	28549990
13	28554920	28555070
13	28555140	28555290
13	28555300	28555590
13	29067820	29067970
13	29067980	29068130
13	29068140	29068290
13	29107000	29107150
13	29107300	29107450
13	29394600	29394750
13	29394765	29394915
13	29394940	29395090
13	29395100	29395250
13	33589660	33589810
13	33589860	33590010
13	33590080	33590230
13	35517160	35517310
13	35517360	35517510
13	35517640	35517790
13	44817020	44817170
13	44817200	44817350
13	47615060	47615210
13	49795025	49795175
13	49795185	49795335
13	49795500	49795650
13	95359120	95359270
13	95359300	95359450
13	95359540	95359690
13	95359700	95359850
13	95363905	95364055
13	95364080	95364230
13	95364365	95364515
13	96743380	96743530
13	96743565	96743715
13	100608725	100608875
13	100608880	100609030
13	100609125	100609275
13	100609960	100610110
13	100610300	100610450
13	100621220	100621370
13	100621525	100621675
13	100621680	100621830
13	100625800	100625950
13	100626000	100626150
13	100626240	100626390
13	100630560	100630710
13	100630805	100630955
13	100631000	100631150
13	100631765	100631915
13	100631940	100632090
13	100632185	100632335
13	100636040	100636190
13	100636300	100636450
13	100636925	100637075
13	100637220	100637370
13	100638320	100638470
13	100638580	100638730
13	102175480	102175630
13	102175640	102175790
13	102175820	102175970
13	103052740	103052890
13	103052980	103053130
13	103053160	103053310
13	112711800	112711950
13	112711985	112712135
13	112712180	112712330
14	20929740	20929890
14	20929900	20930050
14	21492920	21493070
14	21493100	21493250
14	21493280	21493430
14	22004420	22004570
14	22004580	22004730
14	24048460	24048610
14	24048620	24048770
14	24048925	24049075
14	29224240	29224390
14	29224460	29224610
14	29224640	29224790
14	29224820	29224970
14	29228800	29228950
14	29228960	29229110
14	29229120	29229270
14	29237040	29237190
14	29237300	29237450
14	29243100	29243250
14	29243260	29243410
14	29243420	29243570
14	29243580	29243730
14	29243740	29243890
14	29244020	29244170
14	29244220	29244370
14	29244380	29244530
14	29252940	29253090
14	29253100	29253250
14	29253620	29253770
14	29253780	29253930
14	29253940	29254090
14	29254100	29254250
14	31343340	31343490
14	31343560	31343710
14	31344340	31344490
14	31344560	31344710
14	31344725	31344875
14	31344920	31345070
14	31345100	31345250
14	33404280	33404430
14	33404440	33404590
14	33404660	33404810
14	36983420	36983570
14	36983625	36983775
14	36983800	36983950
14	36989920	36990070
14	36990200	36990350
14	36991545	36991695
14	36991705	36991855
14	36991945	36992095
14	37052780	37052930
14	37052980	37053130
14	37117200	37117350
14	37117360	37117510
14	37117520	37117670
14	37128825	37128975
14	37129000	37129150
14	37129160	37129310
14	37132385	37132535
14	37132625	37132775
14	37136420	37136570
14	37136580	37136730
14	37136780	37136930
14	38054320	38054470
14	38054500	38054650
14	38054700	38054850
14	38057320	38057470
14	38057600	38057750
14	38068940	38069090
14	38069220	38069370
14	38069400	38069550
14	54422840	54422990
14	54423040	54423190
14	54423280	54423430
14	57276360	57276510
14	57276560	57276710
14	57276760	57276910
14	57279280	57279430
14	57279440	57279590
14	57279600	57279750
14	58764780	58764930
14	58764940	58765090
14	58765100	58765250
14	58765340	58765490
14	60385960	60386110
14	60386200	60386350
14	61747020	61747170
14	61747185	61747335
14	61747340	61747490
14	61747600	61747750
14	63512700	63512850
14	63512980	63513130
14	65347420	65347570
14	65347640	65347790
14	65347860	65348010
14	74706685	74706835
14	74706925	74707075
14	74707120	74707270
14	74707880	74708030
14	74708120	74708270
14	74724700	74724850
14	74724860	74725010
14	74725085	74725235
14	77606060	77606210
14	77606320	77606470
14	77606580	77606730
14	77965400	77965550
14	77965640	77965790
14	86130680	86130830
14	88788620	88788770
14	88788820	88788970
14	88788980	88789130
14	88790020	88790170
14	88790180	88790330
14	88790345	88790495
14	89258200	89258350
14	89258380	89258530
14	89258585	89258735
14	94641760	94641910
14	94642020	94642170
14	94642200	94642350
14	95239980	95240130
14	95240140	95240290
14	95240400	95240550
14	99736380	99736530
14	99736600	99736750
14	99736760	99736910
14	100625485	100625635
14	100625700	100625850
14	100625940	100626090
14	101034265	101034415
14	101034545	101034695
14	101034825	101034975
14	103395160	103395310
14	103395380	103395530
14	103989740	103989890
14	103989985	103990135
14	103990205	103990355
14	104583420	104583570
14	104583605	104583755
14	104583760	104583910
14	104583945	104584095
14	104603025	104603175
14	104603245	104603395
15	29861560	29861710
15	29861740	29861890
15	29861900	29862050
15	29863860	29864010
15	29864040	29864190
15	29864220	29864370
15	29864400	29864550
15	34786400	34786550
15	34786620	34786770
15	34786920	34787070
15	34787105	34787255
15	37174760	37174910
15	37174920	37175070
15	37175100	37175250
15	37175260	37175410
15	37178860	37179010
15	37179020	37179170
15	37402800	37402950
15	37403080	37403230
15	40573645	40573795
15	40573800	40573950
15	40574125	40574275
15	41221980	41222130
15	41222200	41222350
15	41222385	41222535
15	45404165	45404315
15	45404405	45404555
15	45404600	45404750
15	45404805	45404955
15	45406245	45406395
15	45406420	45406570
15	45406660	45406810
15	53089600	53089750
15	53089760	53089910
15	53089920	53090070
15	53095860	53096010
15	53096060	53096210
15	58357220	58357370
15	58357380	58357530
15	58357600	58357750
15	59729100	59729250
15	59729400	59729550
15	59729620	59729770
15	60296280	60296430
15	60296500	60296650
15	60296680	60296830
15	62456805	62456955
15	62457105	62457255
15	65648300	65648450
15	65648565	65648715
15	68116085	68116235
15	68116240	68116390
15	68116405	68116555
15	69136060	69136210
15	69136220	69136370
15	69136380	69136530
15	74421880	74422030
15	74422080	74422230
15	74422240	74422390
15	74422780	74422930
15	74423080	74423230
15	75018780	75018930
15	75019045	75019195
15	75019200	75019350
15	75019360	75019510
15	77924320	77924470
15	77924505	77924655
15	77924665	77924815
15	78911980	78912130
15	78912360	78912510
15	78912540	78912690
15	78912700	78912850
15	80543560	80543710
15	80543780	80543930
15	80543985	80544135
15	83349480	83349630
15	83349705	83349855
15	88800240	88800390
15	88800485	88800635
15	88800680	88800830
15	89914620	89914770
15	89914780	89914930
15	89914940	89915090
15	89915145	89915295
15	89920080	89920230
15	89920360	89920510
15	89920585	89920735
15	89921480	89921630
15	89921760	89921910
15	89921920	89922070
15	89952320	89952470
15	89952540	89952690
15	89952700	89952850
15	96952440	96952590
15	96952820	96952970
16	609465	609615
16	609785	609935
16	610805	610955
16	611045	611195
16	611265	611415
16	744545	744695
16	744825	744975
16	745560	745710
16	745720	745870
16	745880	746030
16	1337780	1337930
16	1337960	1338110
16	1338120	1338270
16	1967545	1967695
16	1967820	1967970
16	1968045	1968195
16	3086005	3086155
16	3086245	3086395
16	3086400	3086550
16	15950865	15951015
16	15951105	15951255
16	15951280	15951430
16	15951785	15951935
16	15951960	15952110
16	15952245	15952395
16	30021445	30021595
16	30021605	30021755
16	30021805	30021955
16	30381720	30381870
16	30381880	30382030
16	30382040	30382190
16	30382200	30382350
16	31341780	31341930
16	31342200	31342350
16	50582540	50582690
16	50582765	50582915
16	50582965	50583115
16	55090500	55090650
16	55090720	55090870
16	55090900	55091050
16	55091080	55091230
16	56224320	56224470
16	56224485	56224635
16	56224680	56224830
16	58061105	58061255
16	58061320	58061470
16	58061480	58061630
16	58496845	58496995
16	58497020	58497170
16	58497200	58497350
16	58498100	58498250
16	58498260	58498410
16	58498480	58498630
16	58498880	58499030
16	58499100	58499250
16	58663680	58663830
16	58663840	58663990
16	58664020	58664170
16	66878425	66878575
16	66878725	66878875
16	67682080	67682230
16	67682305	67682455
16	67682460	67682610
16	68679365	68679515
16	68679565	68679715
16	68679720	68679870
16	68771260	68771410
16	68771420	68771570
16	68771585	68771735
16	84402220	84402370
16	84402400	84402550
16	85931940	85932090
16	85932100	85932250
16	85932340	85932490
16	86321380	86321530
16	86321565	86321715
16	86533460	86533610
16	86533660	86533810
16	86533880	86534030
16	86539485	86539635
16	86539640	86539790
16	86539925	86540075
16	86540440	86540590
16	86540680	86540830
16	86540920	86541070
16	86542640	86542790
16	86542860	86543010
16	86546520	86546670
16	86546720	86546870
16	86546940	86547090
16	86549680	86549830
16	86549920	86550070
16	87636580	87636730
16	87636785	87636935
16	87637085	87637235
16	89007000	89007150
16	89007160	89007310
16	89007325	89007475
17	1132080	1132230
17	1132305	1132455
17	1132465	1132615
17	1811020	1811170
17	1811280	1811430
17	4544865	4545015
17	4545025	4545175
17	4545225	4545375
17	7284480	7284630
17	7284640	7284790
17	7284800	7284950
17	7554400	7554550
17	7554580	7554730
17	7554760	7554910
17	19483245	19483395
17	19483420	19483570
17	19483600	19483750
17	27332020	27332170
17	27332205	27332355
17	27332420	27332570
17	31617760	31617910
17	31617940	31618090
17	31618140	31618290
17	33813780	33813930
17	33814000	33814150
17	33814240	33814390
17	34076580	34076730
17	34076820	34076970
17	34077020	34077170
17	34999720	34999870
17	35014080	35014230
17	35014320	35014470
17	35014480	35014630
17	35289320	35289470
17	35289525	35289675
17	35290225	35290375
17	35290505	35290655
17	35294560	35294710
17	35294765	35294915
17	35294960	35295110
17	35295860	35296010
17	35296065	35296215
17	35296225	35296375
17	35299725	35299875
17	35299985	35300135
17	35300225	35300375
17	35301000	35301150
17	35301160	35301310
17	35301360	35301510
17	36102240	36102390
17	36102520	36102670
17	36102705	36102855
17	36103340	36103490
17	36103600	36103750
17	36103880	36104030
17	36104140	36104290
17	36105060	36105210
17	36105300	36105450
17	36105540	36105690
17	36575065	36575215
17	36575280	36575430
17	36575520	36575670
17	36718440	36718590
17	36719040	36719190
17	36719560	36719710
17	36719745	36719895
17	36720020	36720170
17	36727825	36727975
17	36728125	36728275
17	36729160	36729310
17	36729405	36729555
17	36729605	36729755
17	36830445	36830595
17	36830640	36830790
17	36830840	36830990
17	37756640	37756790
17	37756800	37756950
17	37757000	37757150
17	37761340	37761490
17	37761660	37761810
17	37762120	37762270
17	37762360	37762510
17	37763320	37763470
17	37763560	37763710
17	37763740	37763890
17	37763945	37764095
17	38020420	38020570
17	38020620	38020770
17	38020780	38020930
17	38020940	38021090
17	39684220	39684370
17	39684500	39684650
17	39684660	39684810
17	39684820	39684970
17	39890385	39890535
17	39890580	39890730
17	40934425	40934575
17	40934580	40934730
17	40935760	40935910
17	40935980	40936130
17	40936420	40936570
17	40936580	40936730
17	40936880	40937030
17	42004060	42004210
17	42004300	42004450
17	42004460	42004610
17	42030025	42030175
17	42030220	42030370
17	42030385	42030535
17	42392820	42392970
17	42393000	42393150
17	42393160	42393310
17	42393325	42393475
17	42461820	42461970
17	42462125	42462275
17	42462360	42462510
17	42733280	42733430
17	42733440	42733590
17	43506560	43506710
17	43506720	43506870
17	43506900	43507050
17	43860985	43861135
17	43861305	43861455
17	43861460	43861610
17	44343660	44343810
17	44343920	44344070
17	44929140	44929290
17	44929325	44929475
17	45055840	45055990
17	45056105	45056255
17	45056260	45056410
17	45811205	45811355
17	45811365	45811515
17	45811605	45811755
17	45929900	45930130
17	45930220	45930370
17	46388200	46388350
17	46388360	46388510
17	46692680	46692830
17	46692840	46692990
17	46693100	46693250
17	46694740	46694890
17	46694920	46695070
17	46695100	46695250
17	46695285	46695435
17	46702005	46702155
17	46702265	46702415
17	46702420	46702570
17	46703820	46703970
17	46704120	46704270
17	46710240	46710390
17	46710420	46710570
17	46710605	46710755
17	46723185	46723335
17	46723340	46723490
17	46723540	46723690
17	46723800	46723950
17	46724600	46724750
17	46724760	46724910
17	46725020	46725170
17	46796540	46796690
17	46796720	46796870
17	46796880	46797030
17	46802620	46802770
17	46802920	46803070
17	46803100	46803250
17	46810285	46810435
17	46810440	46810590
17	46816160	46816310
17	46816320	46816470
17	46816540	46816690
17	46824785	46824935
17	46824965	46825115
17	46825120	46825270
17	46827500	46827650
17	46827800	46827950
17	47072560	47072710
17	47072720	47072870
17	47072880	47073030
17	47073060	47073210
17	47073220	47073370
17	47080920	47081070
17	47081080	47081230
17	47081360	47081510
17	47301200	47301350
17	47301380	47301530
17	47301560	47301710
17	48049880	48050030
17	48050060	48050210
17	48637145	48637295
17	48637360	48637510
17	48637580	48637730
17	48638485	48638635
17	48638765	48638915
17	48639620	48639770
17	48639820	48639970
17	48639985	48640135
17	50235140	50235290
17	50235365	50235515
17	56234320	56234470
17	56234525	56234675
17	56234680	56234830
17	56234860	56235010
17	57232520	57232670
17	57232680	57232830
17	57232840	57232990
17	58216200	58216350
17	58216460	58216610
17	58216705	58216855
17	61266740	61266890
17	61267000	61267150
17	61267160	61267310
17	63018900	63019050
17	63019080	63019230
17	63019260	63019410
17	64960040	64960190
17	64960200	64960350
17	64960360	64960510
17	64960520	64960670
17	64960960	64961110
17	64961120	64961270
17	64961300	64961450
17	64961480	64961630
17	64961965	64962115
17	64962165	64962315
17	66192785	66192935
17	66193045	66193195
17	66193285	66193435
17	66194885	66195035
17	66195085	66195235
17	66195600	66195750
17	66195785	66195935
17	66196045	66196195
17	70113200	70113350
17	70113360	70113510
17	70113520	70113670
17	70113720	70113870
17	71640145	71640295
17	71640345	71640495
17	71640580	71640730
17	72848800	72848950
17	72848960	72849110
17	72849165	72849315
17	72856280	72856430
17	72856505	72856655
17	72856685	72856835
17	72918585	72918735
17	72918745	72918895
17	72918925	72919075
17	72919140	72919290
17	72931520	72931670
17	72931780	72931930
17	72931940	72932090
17	72933445	72933595
17	72933680	72933830
17	73584025	73584175
17	73584340	73584490
17	73716760	73716910
17	73717060	73717210
17	74072845	74072995
17	74073140	74073290
17	74073345	74073495
17	74235885	74236035
17	74236185	74236335
17	74236805	74236955
17	74236960	74237110
17	74237120	74237270
17	74237280	74237430
17	74260900	74261050
17	74261060	74261210
17	74261220	74261370
17	77721440	77721590
17	77721700	77721850
17	77721945	77722095
17	77763805	77763955
17	77764025	77764175
17	77764180	77764330
17	77764360	77764510
17	77764585	77764735
17	77772280	77772430
17	77772460	77772610
17	77772620	77772770
17	77772800	77772950
17	77774080	77774230
17	77774360	77774510
17	77778340	77778490
17	77778540	77778690
17	77778780	77778930
17	77815100	77815250
17	77815260	77815410
17	77815420	77815570
17	77815620	77815770
17	78448960	78449110
17	78449125	78449275
17	78449385	78449535
17	78450620	78450770
17	78450785	78450935
17	78451005	78451155
17	78978245	78978395
17	78978400	78978550
17	78978600	78978750
17	78999460	78999610
17	78999620	78999770
17	79760765	79760915
17	79761205	79761355
17	79762560	79762710
17	79762725	79762875
17	79762960	79763110
17	79763125	79763275
17	79818380	79818530
17	79818540	79818690
17	79818700	79818850
17	79917960	79918110
17	79918205	79918355
17	79918365	79918515
18	499260	499410
18	499460	499610
18	499640	499790
18	906540	906690
18	906700	906850
18	906960	907110
18	2907060	2907210
18	2907220	2907370
18	2907380	2907530
18	2907580	2907730
18	6413740	6413890
18	6413900	6414050
18	6414100	6414250
18	18823025	18823175
18	18823205	18823355
18	19745600	19745750
18	19745865	19746015
18	19746045	19746195
18	19748240	19748390
18	19748400	19748550
18	19748560	19748710
18	19748725	19748875
18	19749880	19750030
18	19750060	19750210
18	19750225	19750375
18	30351265	30351415
18	30351520	30351670
18	31157680	31157830
18	31157880	31158030
18	31158140	31158290
18	31158920	31159070
18	31159140	31159290
18	31159300	31159450
18	42261520	42261670
18	42261680	42261830
18	42261960	42262110
18	44772560	44772710
18	44772865	44773015
18	44773085	44773235
18	44777745	44777895
18	44778000	44778150
18	44778165	44778315
18	45662945	45663095
18	45663100	45663250
18	45663400	45663550
18	45934545	45934695
18	45934700	45934850
18	45934860	45935010
18	47087560	47087710
18	47087820	47087970
18	47087980	47088130
18	48086600	48086750
18	48086785	48086935
18	48087025	48087175
18	55100560	55100710
18	55100740	55100890
18	55100900	55101050
18	55105980	55106130
18	55106220	55106370
18	55106520	55106670
18	55106680	55106830
18	55107325	55107475
18	55107600	55107750
18	55107760	55107910
18	55108380	55108530
18	55108625	55108775
18	55108800	55108950
18	56935745	56935895
18	56935940	56936090
18	56936145	56936295
18	56936620	56936770
18	56936785	56936935
18	56936960	56937110
18	56937120	56937270
18	56939380	56939530
18	56939625	56939775
18	56939785	56939935
18	56940360	56940510
18	56940520	56940670
18	56940680	56940830
18	59992765	59992915
18	59992920	59993070
18	59993165	59993315
18	67067520	67067670
18	67067700	67067850
18	67067920	67068070
18	71967100	71967250
18	76737865	76738015
18	76738045	76738195
18	76738200	76738350
18	76738420	76738570
18	76741480	76741630
18	76741645	76741795
18	76741860	76742010
18	77558585	77558735
18	77558745	77558895
18	77558900	77559050
18	77559080	77559230
19	409320	409470
19	409480	409630
19	409785	409935
19	919680	919830
19	919920	920070
19	920080	920230
19	1285205	1285355
19	1285485	1285635
19	1285645	1285795
19	1286325	1286475
19	1286705	1286855
19	1446680	1446830
19	1446920	1447070
19	1447160	1447310
19	1755545	1755695
19	1755700	1755850
19	1755865	1756015
19	2291100	2291250
19	2291360	2291510
19	2291580	2291730
19	2866940	2867090
19	2867100	2867250
19	3801220	3801370
19	3801440	3801590
19	3801720	3801870
19	4342660	4342810
19	4342820	4342970
19	4342980	4343130
19	5338640	5338790
19	5338805	5338955
19	5339000	5339150
19	11592085	11592235
19	11592245	11592395
19	11592420	11592570
19	11592580	11592730
19	12949980	12950130
19	12950200	12950350
19	12950360	12950510
19	17377720	17377870
19	17377880	17378030
19	17378040	17378190
19	17565325	17565475
19	17565600	17565750
19	18061700	18061850
19	18061860	18062010
19	18062020	18062170
19	18062400	18062550
19	18062680	18062830
19	18062840	18062990
19	18063000	18063150
19	18063245	18063395
19	18063500	18063650
19	18303580	18303730
19	18303740	18303890
19	18303900	18304050
19	18900880	18901030
19	18901060	18901210
19	18901345	18901495
19	19373225	19373375
19	19373585	19373735
19	31202340	31202490
19	31202620	31202770
19	33716860	33717010
19	33717020	33717170
19	33717180	33717330
19	33717405	33717555
19	33718180	33718330
19	33718380	33718530
19	33718660	33718810
19	33718820	33718970
19	33791980	33792130
19	33792145	33792295
19	33792320	33792470
19	33792525	33792675
19	33792765	33792915
19	33793120	33793270
19	33793280	33793430
19	39754480	39754630
19	39754660	39754810
19	39798500	39798650
19	39798700	39798850
19	39798880	39799030
19	40006180	40006330
19	40006480	40006630
19	40006680	40006830
19	41105620	41105770
19	41105820	41105970
19	41106040	41106190
19	41106540	41106690
19	41106780	41106930
19	42416260	42416410
19	42416525	42416675
19	42416825	42416975
19	42417640	42417790
19	42417840	42417990
19	42420600	42420750
19	42421040	42421190
19	42432940	42433090
19	42433180	42433330
19	42433440	42433590
19	42444440	42444590
19	42444680	42444830
19	42444960	42445110
19	42503225	42503375
19	42503500	42503650
19	42503700	42503850
19	42680020	42680170
19	42680180	42680330
19	42683240	42683390
19	42683540	42683690
19	45720600	45720750
19	45720780	45720930
19	46366740	46366890
19	46367180	46367330
19	46367780	46367930
19	46368020	46368170
19	46368185	46368335
19	47972440	47972590
19	47972600	47972750
19	47972820	47972970
19	47973000	47973150
19	48896840	48896990
19	48897040	48897190
19	48897260	48897410
19	49926020	49926170
19	49926285	49926435
19	49944060	49944210
19	49944280	49944430
19	49944465	49944615
19	50817320	50817470
19	50817620	50817770
19	54412020	54412170
19	54412180	54412330
19	54412440	54412590
19	55952940	55953090
19	55953100	55953250
19	55953260	55953410
19	55953425	55953575
19	55955300	55955450
19	55963625	55963775
19	55963905	55964055
19	55964100	55964250
20	590045	590195
20	590365	590515
20	590520	590670
20	645585	645735
20	983300	983450
20	983480	983630
20	983640	983790
20	2539425	2539575
20	2539600	2539750
20	2539780	2539930
20	2672680	2672830
20	2672860	2673010
20	2780580	2780730
20	2780760	2780910
20	2780960	2781110
20	3389160	3389310
20	3389360	3389510
20	6749860	6750010
20	6750020	6750170
20	6750220	6750370
20	6750460	6750610
20	13201160	13201310
20	13201320	13201470
20	13201505	13201655
20	18037480	18037630
20	18037640	18037790
20	18037865	18038015
20	18038085	18038235
20	21081600	21081750
20	21081805	21081955
20	21082065	21082215
20	21376020	21376170
20	21376280	21376430
20	21376440	21376590
20	21376705	21376855
20	21376985	21377135
20	21377165	21377315
20	21378025	21378175
20	21378300	21378450
20	21378780	21378930
20	21378960	21379110
20	21379140	21379290
20	21501500	21501650
20	21501800	21501950
20	21501960	21502110
20	21503840	21503990
20	21504100	21504250
20	22551780	22551930
20	22552000	22552150
20	22558500	22558650
20	22558680	22558830
20	22558940	22559090
20	22565600	22565750
20	22565800	22565950
20	22565980	22566130
20	26201700	26201850
20	26201880	26202030
20	26202120	26202270
20	29607760	29607910
20	29638380	29638530
20	29638600	29638750
20	29638900	29639050
20	30457800	30457950
20	30457980	30458130
20	30458800	30458950
20	30459085	30459235
20	30459240	30459390
20	37354160	37354310
20	37354320	37354470
20	37354640	37354790
20	37357540	37357690
20	37357720	37357870
20	37357880	37358030
20	37358485	37358635
20	37358685	37358835
20	37358905	37359055
20	39994565	39994715
20	39994760	39994910
20	39995400	39995550
20	39995725	39995875
20	39995925	39996075
20	39996100	39996250
20	39996280	39996430
20	39996585	39996855
20	41816720	41816870
20	41816985	41817135
20	42543745	42543895
20	42543980	42544130
20	42544220	42544370
20	44935820	44935970
20	44936105	44936255
20	45523925	45524215
20	47935240	47935390
20	47935540	47935690
20	55202485	55202635
20	55202740	55202890
20	55202960	55203110
20	55203785	55203935
20	55203960	55204110
20	55204140	55204290
20	55835660	55835810
20	55835820	55835970
20	55836120	55836270
20	55840500	55840650
20	55840800	55840950
20	61164180	61164330
20	61164680	61164830
20	61275080	61275230
20	61275240	61275390
20	61275460	61275610
20	61635920	61636070
20	61636120	61636270
20	61636305	61636455
20	61637980	61638130
20	61638260	61638410
20	61638520	61638670
20	61661460	61661610
20	61661805	61661955
20	61661985	61662135
20	61805700	61805850
20	61805965	61806115
20	61806165	61806315
20	62679225	62679375
20	62679420	62679570
20	62679660	62679810
20	62715200	62715350
20	62715460	62715610
20	62715620	62715770
21	11069320	11069470
21	11069500	11069650
21	11082760	11082910
21	11083100	11083250
21	11116080	11116230
21	11116320	11116470
21	11116505	11116655
21	11117760	11117910
21	11118120	11118270
21	11173220	11173370
21	11173440	11173590
21	19617020	19617170
21	19617320	19617470
21	19617500	19617650
21	33245040	33245190
21	33245260	33245410
21	33245465	33245615
21	34441920	34442070
21	36042560	36042710
21	36042800	36042950
21	38064660	38064810
21	38064940	38065090
21	38065200	38065350
21	38066020	38066170
21	38066200	38066350
21	38066420	38066570
21	38069140	38069290
21	38069300	38069450
21	38069540	38069690
21	38076945	38077095
21	38077100	38077250
21	38077325	38077615
21	38080480	38080630
21	38080720	38080870
21	38080940	38081090
21	43639840	43639990
21	43640040	43640190
21	43640200	43640350
21	44072985	44073135
21	44073140	44073290
21	44073340	44073490
21	44201180	44201330
21	44201380	44201530
21	44201660	44201810
21	44495040	44495190
21	44495240	44495390
21	44495405	44495555
21	44495565	44495715
21	45660860	45661010
21	45661060	45661210
21	45661300	45661450
21	45823940	45824090
21	46131345	46131495
21	46131500	46131650
21	46131660	46131810
21	46132220	46132370
21	46132420	46132570
21	46132680	46132830
21	46143140	46143290
21	46143340	46143490
21	46143520	46143670
22	17849440	17849590
22	17849600	17849750
22	17849760	17849910
22	19138620	19138770
22	19138820	19138970
22	25817300	25817450
22	25817460	25817610
22	25817660	25817810
22	25817840	25817990
22	27053400	27053550
22	27053700	27053850
22	29876100	29876250
22	29876485	29876635
22	37212345	37212495
22	37212605	37212755
22	38850520	38850670
22	38850740	38850890
22	38850900	38851050
22	39852660	39852810
22	39852845	39852995
22	39853560	39853710
22	39853725	39853875
22	39854025	39854175
22	39854180	39854330
22	42306480	42306630
22	42306660	42306810
22	42309900	42310050
22	42310065	42310215
22	42310385	42310535
22	42311060	42311210
22	42311240	42311390
22	42311605	42311755
22	42679940	42680090
22	42680100	42680250
22	42763940	42764090
22	42764100	42764250
22	42764280	42764430
22	43506045	43506195
22	43506260	43506410
22	43506520	43506670
22	44726665	44726815
22	44726905	44727055
22	44727205	44727355
22	45148660	45148810
22	45148920	45149070
22	45402520	45402670
22	45402800	45402950
22	45402960	45403110
22	45681060	45681210
22	45681240	45681390
22	45681400	45681550
22	46371505	46371655
22	46371740	46371890
22	46372320	46372590
22	46372625	46372775
22	46373525	46373675
22	46373820	46373970
22	46934000	46934150
22	46934260	46934410
22	46934500	46934650
22	50497260	50497410
22	50497420	50497570
22	50497660	50497810
22	50609160	50609310
22	50609445	50609595
22	50968680	50968830
22	50968905	50969055
22	50969060	50969210
22	50986905	50987055
22	50987060	50987210
22	50987260	50987410
22	51111940	51112090
22	51112100	51112250
22	51112265	51112415
