1	33921240	33921390
1	33921540	33921690
1	39651560	39651710
1	89487320	89487470
1	89487520	89487670
1	97990980	97991130
1	97991260	97991410
1	144012960	144013110
1	144013220	144013370
1	144013380	144013530
1	145070900	145071050
1	145071100	145071250
1	145071280	145071430
1	145073280	145073430
1	145073460	145073610
1	145073680	145073830
1	161067300	161067450
1	161067480	161067630
1	161706145	161706295
1	161706360	161706510
1	161706540	161706690
1	162643140	162643290
1	162643300	162643450
1	162643560	162643710
1	164676640	164676790
1	180991980	180992130
1	180992240	180992390
1	180992400	180992550
1	181439020	181439170
1	207506660	207506810
1	207507100	207507250
1	207997220	207997370
1	207997380	207997530
1	218670020	218670170
1	218670200	218670350
2	3622700	3622850
2	27886400	27886550
2	27886600	27886750
2	27886900	27887050
2	53540880	53541030
2	53541280	53541430
2	53821480	53821630
2	53821780	53821930
2	61244200	61244350
2	61244400	61244550
2	61244560	61244710
2	62639240	62639390
2	142887080	142887230
2	201936500	201936650
2	201936660	201936810
2	201936860	201937010
2	234883260	234883410
2	234883420	234883570
2	234883620	234883770
3	12305100	12305250
3	30553300	30553450
3	30553480	30553630
3	36743120	36743270
3	36743440	36743590
3	57029500	57029650
3	57029700	57029850
3	105086800	105086950
3	105086980	105087130
3	105087180	105087330
3	105473500	105473650
3	114819080	114819230
3	114819240	114819390
3	114819400	114819550
3	119844620	119844770
3	138328260	138328410
3	138328480	138328630
3	151614100	151614250
3	151614280	151614430
3	151614480	151614630
3	151989520	151989670
3	151989680	151989830
3	151989920	151990070
3	167929260	167929410
3	167929520	167929670
3	172280560	172280710
3	172280720	172280870
3	172280880	172281030
3	197676840	197676990
3	197677000	197677150
3	197677180	197677330
3	197677380	197677530
4	15897280	15897430
4	15897540	15897690
4	87321260	87321410
4	87321420	87321570
4	87321620	87321770
4	122898520	122898670
4	122898860	122899010
4	129474000	129474150
4	129474220	129474370
4	144299440	144299590
4	144299640	144299790
4	144299900	144300050
4	160025380	160025530
4	160025580	160025730
4	160025740	160025890
5	13378840	13378990
5	13379040	13379190
5	14157160	14157310
5	14157340	14157490
5	14157680	14157830
5	17839880	17840030
5	17840040	17840190
5	22560360	22560510
5	24999860	25000010
5	27488340	27488490
5	29170140	29170290
5	30100360	30100510
5	30100640	30100790
5	33443220	33443370
5	33443480	33443630
5	37495360	37495510
5	37495540	37495690
5	38607620	38607770
5	38607780	38607930
5	38660440	38660590
5	38660605	38660755
5	38832020	38832170
5	38832240	38832390
5	38832400	38832550
5	39167280	39167430
5	39167440	39167590
5	39944020	39944170
5	65181720	65181870
5	65181920	65182070
5	92917460	92917610
5	92917640	92917790
5	92918920	92919070
5	92919080	92919230
5	110867320	110867470
5	110867540	110867690
5	111093000	111093150
5	111093160	111093310
5	144624680	144624830
5	144624900	144625050
5	144625060	144625210
5	168052120	168052270
5	168052360	168052510
6	29932460	29932610
6	29932700	29932850
6	31509420	31509570
6	31509580	31509730
6	31509740	31509890
6	45890380	45890530
6	45890580	45890730
6	47699160	47699310
6	47699320	47699470
6	47699540	47699690
6	57406160	57406310
6	57406420	57406570
6	111055820	111055970
6	119558545	119558695
6	151990080	151990230
6	151990240	151990390
6	151990440	151990590
7	15237580	15237730
7	15237760	15237910
7	15238020	15238170
7	22626360	22626510
7	22626520	22626670
7	30560340	30560490
7	30560540	30560690
7	81268720	81268870
7	81268940	81269090
7	83824280	83824430
7	83825320	83825470
7	83825520	83825670
7	83825760	83825910
7	117212900	117213050
7	117213120	117213270
7	141437800	141437950
7	141437960	141438110
7	141438240	141438390
7	157017440	157017590
8	26435220	26435370
8	26435560	26435710
8	26435760	26435910
8	28748680	28748830
8	28748880	28749030
8	28749060	28749210
8	37194260	37194410
8	37194440	37194590
8	59763520	59763670
8	59763860	59764010
8	67433760	67434010
8	67434180	67434330
8	71072560	71072710
8	71072760	71072910
8	71072940	71073090
8	82754665	82754815
8	89969440	89969590
8	89969780	89969930
8	102109840	102109990
8	102110040	102110190
8	120082560	120082710
8	120082820	120082970
8	120190780	120190930
8	121457100	121457250
8	121457320	121457470
8	121457480	121457630
8	126575820	126575970
8	127199280	127199430
9	3525660	3525810
9	3525820	3525970
9	3525980	3526130
9	6873640	6873790
9	6873800	6873950
9	6873960	6874110
9	6874140	6874290
9	7052700	7052850
9	7052920	7053070
9	21990440	21990590
9	21990680	21990830
9	22117980	22118130
9	22118220	22118370
9	75758920	75759070
9	75759160	75759310
9	89994280	89994430
9	93862200	93862350
9	93862400	93862550
10	30096000	30096150
10	30096300	30096450
10	30096460	30096610
10	53459280	53459430
10	53459440	53459590
10	53459600	53459750
10	54355120	54355270
10	54355320	54355470
10	63383400	63383550
10	63383580	63383730
10	69869920	69870070
10	69870120	69870270
10	91053340	91053490
10	91053580	91053730
10	93368620	93368770
10	93368960	93369110
10	93669060	93669210
10	93669220	93669370
10	98561360	98561510
10	99599820	99599970
10	99600020	99600170
10	101538360	101538510
10	114206600	114206750
10	114206780	114206930
10	114206940	114207090
10	121544980	121545130
10	127578360	127578510
10	127578560	127578710
10	127578800	127578950
10	127578960	127579110
10	127579200	127579350
10	127580760	127580910
10	127580940	127581090
10	127581100	127581250
10	127614160	127614310
10	127614360	127614510
10	127614600	127614750
11	8008580	8008730
11	8008740	8008890
11	9696940	9697090
11	25286600	25286750
11	25286800	25286950
11	25749380	25749530
11	25749620	25749770
11	26256320	26256470
11	26256625	26256775
11	29002900	29003050
11	29003100	29003250
11	36615620	36615770
11	36615880	36616030
11	57529120	57529270
11	57529440	57529590
11	65272160	65272310
11	65272400	65272550
11	65272580	65272730
11	73498580	73498730
11	73498800	73498950
11	73499000	73499150
11	82393380	82393530
11	82393600	82393750
11	83435260	83435410
11	83435540	83435690
11	83435760	83435910
11	86487080	86487230
11	86487360	86487510
11	111944700	111944850
11	111944860	111945010
12	13032685	13032835
12	13032880	13033030
12	15316680	15316830
12	15316860	15317010
12	15317020	15317170
12	18207960	18208110
12	18208140	18208290
12	20152440	20152590
12	20152700	20152850
12	28116900	28117050
12	28117080	28117230
12	28117240	28117390
12	29770360	29770510
12	29770520	29770670
12	46519000	46519150
12	46519200	46519350
12	46519480	46519630
12	46757960	46758110
12	46758160	46758310
12	49616300	49616450
12	49616480	49616630
12	49616720	49616870
12	63096180	63096330
12	63096380	63096650
12	65926960	65927110
12	65927120	65927270
12	65927300	65927450
12	66218220	66218370
12	66218400	66218550
12	66218560	66218710
12	88203340	88203490
12	95158100	95158250
12	109490040	109490190
12	109490200	109490350
12	110547180	110547330
12	110547340	110547490
12	117096340	117096490
12	117096500	117096650
12	117096660	117096810
13	24844980	24845130
13	24845240	24845390
13	49360140	49360290
13	73762120	73762270
13	73762320	73762470
14	42540160	42540310
14	54955960	54956110
14	54956220	54956370
14	58893940	58894090
14	58894100	58894250
14	58894260	58894410
14	70527960	70528110
14	70528200	70528350
14	70826140	70826290
14	70826360	70826510
14	84322280	84322430
14	84322460	84322610
14	84322740	84322890
14	92052940	92053090
15	44580540	44580690
15	44580760	44580910
15	49447600	49447750
15	49447760	49447910
15	49448080	49448230
15	60691060	60691210
15	60691220	60691370
15	62380780	62380930
15	62381020	62381170
15	64154660	64154810
15	64154965	64155115
15	74445660	74445810
15	74445840	74445990
16	9133040	9133190
16	9133200	9133350
16	46864205	46864355
17	2878660	2878810
17	2878820	2878970
17	2879020	2879170
17	9432440	9432590
17	9432745	9432895
17	41535680	41535830
17	41535860	41536010
17	45212920	45213070
17	45213100	45213250
17	45214200	45214350
17	45214460	45214610
17	57287260	57287410
17	57287520	57287670
17	59399960	59400110
17	59400240	59400390
17	59400460	59400610
17	62667160	62667310
17	65693320	65693470
18	3972400	3972550
18	7946520	7946670
18	7946780	7946930
18	7946960	7947110
18	32992760	32992910
18	32992940	32993090
18	32993180	32993330
18	52624540	52624690
18	52624700	52624850
18	52624900	52625050
18	58756080	58756230
18	58756320	58756470
18	61139500	61139650
18	61139660	61139810
18	61139900	61140050
19	45180400	45180550
19	45180720	45180870
19	45180920	45181070
19	46544400	46544550
19	46544560	46544710
20	2451160	2451310
20	2451380	2451530
20	2451565	2451715
20	29648080	29648230
20	29648260	29648410
20	29651500	29651650
20	29651660	29651810
20	29651860	29652010
20	43882680	43882830
20	43882865	43883015
20	52370420	52370570
20	52370720	52370870
21	25485820	25485970
21	34144280	34144430
21	36419500	36419650
21	36419660	36419810
21	36419920	36420070
22	36291060	36291210
22	36291220	36291370
100	8835460	8835610
100	8835620	8835770
100	10534360	10534510
100	19777880	19778030
100	19778080	19778230
100	19778280	19778430
100	23760120	23760270
100	23760360	23760510
100	23760540	23760690
100	24189860	24190010
100	24190020	24190170
100	24190200	24190350
100	40653400	40653550
100	47343240	47343390
100	47343420	47343570
100	47343600	47343750
100	47343760	47343910
100	71792600	71792750
100	71792880	71793030
100	71793060	71793210
100	106985300	106985450
100	106985540	106985690
100	106985740	106985890
100	108779720	108779870
100	108779920	108780070
100	114828780	114828930
100	114829040	114829190
100	114849480	114849630
100	114849760	114849910
100	117125540	117125690
100	117125880	117126030
100	139844380	139844530
100	141799660	141799810
100	143077480	143077630
100	150994460	150994610
100	150994740	150994890
