1	9464640	9464790
1	23688480	23688630
1	23688740	23688890
1	23689020	23689170
1	25269605	25269755
1	25270260	25270410
1	40928400	40928550
1	40928560	40928710
1	40928800	40928950
1	40928980	40929130
1	40929160	40929310
1	40960880	40961030
1	40961140	40961290
1	40961320	40961470
1	40961640	40961790
1	43569465	43569615
1	43569720	43569870
1	45295320	45295470
1	45295605	45295755
1	46437680	46437830
1	46437860	46438010
1	46438040	46438190
1	47055580	47055730
1	64383400	64383550
1	64383640	64383790
1	64383860	64384010
1	67155540	67155690
1	90489420	90489570
1	99347580	99347730
1	99347900	99348050
1	111627940	111628090
1	115375360	115375510
1	115375540	115375690
1	161019260	161019410
1	164056220	164056370
1	164056540	164056690
1	168695800	168695950
1	168696085	168696235
1	168696260	168696410
1	168696460	168696610
1	170527900	170528190
1	178723660	178723810
1	180915540	180915690
1	180915760	180915910
1	180916060	180916210
1	184442420	184442710
1	184442840	184442990
1	203648200	203648350
1	203648460	203648610
1	203648640	203648790
1	213470320	213470470
1	213470480	213470630
1	218237520	218237670
1	218237860	218238010
1	218574800	218574950
1	218574960	218575110
1	218575280	218575430
1	227842520	227842670
1	227842780	227842930
1	227843060	227843210
1	227843300	227843450
1	227885060	227885210
1	245323080	245323230
1	245323240	245323390
1	247150560	247150710
1	247150760	247150910
1	247200720	247200870
1	247200900	247201050
1	247201060	247201210
1	247201300	247201450
1	247263860	247264010
1	247264040	247264190
1	247264220	247264370
1	247319840	247319990
1	247320020	247320170
1	247320240	247320390
1	247353240	247353390
1	247353420	247353570
1	247353660	247353810
1	247353820	247353970
2	5860200	5860350
2	5860440	5860590
2	65702080	65702230
2	65715400	65715550
2	65716085	65716235
2	71332860	71333010
2	79774880	79775030
2	79775120	79775270
2	95815240	95815390
2	95815440	95815590
2	95880540	95880690
2	95880720	95880870
2	95881000	95881150
2	95881160	95881310
2	97582240	97582390
2	97582420	97582570
2	97582760	97582910
2	102176725	102176875
2	102177020	102177170
2	102339420	102339570
2	102339600	102339750
2	102339800	102339950
2	102761885	102762035
2	102762240	102762390
2	102762540	102762690
2	102762720	102762870
2	102762885	102763035
2	103202260	103202410
2	103202420	103202570
2	103202600	103202750
2	103202840	103202990
2	105512245	105512395
2	105512540	105512690
2	106823740	106823890
2	119449365	119449515
2	121342760	121342910
2	171767980	171768130
2	197516220	197516370
2	197516420	197516570
2	197518660	197518810
2	197896640	197896790
2	197896800	197896950
2	210241600	210241750
2	232389280	232389430
2	232389500	232389650
2	232389665	232389815
2	237549540	237549690
2	237549720	237549870
2	237550100	237550250
2	237550360	237550510
3	8747525	8747675
3	25535120	25535270
3	25535360	25535510
3	25535560	25535710
3	25535780	25535930
3	26392200	26392350
3	26392500	26392650
3	32032580	32032730
3	40573680	40573830
3	42484120	42484270
3	42484320	42484470
3	42484680	42484830
3	44541160	44541310
3	44612805	44612955
3	44762560	44762710
3	44762720	44762870
3	44762900	44763050
3	44763120	44763270
3	44776120	44776270
3	44776300	44776450
3	44952685	44952835
3	45355320	45355470
3	52767300	52767450
3	52767460	52767610
3	52767780	52767930
3	53695560	53695710
3	53695760	53695910
3	60942240	60942390
3	73411465	73411615
3	75786320	75786470
3	75786540	75786690
3	75786700	75786850
3	75786860	75787010
3	75787040	75787190
3	75787260	75787410
3	75787480	75787630
3	75787720	75787870
3	110892500	110892650
3	110892660	110892810
3	134891000	134891150
3	134891400	134891550
4	85780	85930
4	86160	86310
4	86580	86730
4	87080	87230
4	155420	155570
4	155600	155750
4	155760	155910
4	155920	156070
4	248040	248190
4	366760	366910
4	366940	367090
4	367180	367330
4	367340	367490
4	368120	368270
4	368300	368450
4	368480	368630
4	435460	435610
4	435760	435910
4	436720	436870
4	436880	437030
4	437080	437230
4	437380	437530
4	15743920	15744070
4	17321500	17321650
4	17321700	17321850
4	17444020	17444170
4	17444280	17444430
4	26114920	26115070
4	26115120	26115270
4	87223260	87223410
4	87223500	87223650
4	87223680	87223830
4	87223840	87223990
4	122744020	122744170
4	122744240	122744390
4	122744400	122744550
4	122744620	122744770
4	123044080	123044230
4	150551120	150551270
4	150551340	150551490
4	153636320	153636470
5	14256200	14256350
5	14256360	14256510
5	14256620	14256770
5	123795560	123795710
5	123795820	123795970
5	123796120	123796270
5	134913660	134913810
5	134913860	134914010
5	134914120	134914270
5	134914360	134914510
5	140143760	140143910
5	140144040	140144190
5	140144360	140144510
5	140638540	140638690
5	140640380	140640530
5	140640620	140640770
5	150275180	150275330
5	150275400	150275550
5	150275580	150275730
5	150275740	150275890
5	150275920	150276070
5	150310880	150311030
5	150311040	150311190
5	150311220	150311370
5	150330240	150330390
5	150357820	150357970
5	178139160	178139310
5	178139485	178139635
5	178139800	178139950
5	178358980	178359130
5	178359160	178359310
5	178359320	178359470
5	178359520	178359670
5	178392540	178392690
5	178392720	178392870
5	178459880	178460030
5	178460200	178460350
5	178506140	178506290
5	178506300	178506450
5	178506540	178506690
5	178506720	178506870
5	179685500	179685650
5	179686060	179686210
5	179686260	179686410
5	179686480	179686630
6	404860	405010
6	405160	405310
6	405420	405570
6	2663460	2663610
6	2663620	2663770
6	27326560	27326710
6	27326780	27326930
6	27327060	27327210
6	27368780	27368930
6	27368965	27369115
6	27420160	27420310
6	27420320	27420470
6	27420500	27420650
6	33979080	33979230
6	33979280	33979430
6	160296080	160296230
6	160296260	160296410
6	160296440	160296590
7	3903420	3903570
7	3903600	3903750
7	3903760	3903910
7	5103920	5104070
7	5104080	5104230
7	5104320	5104470
7	5104520	5104670
7	6714500	6714650
7	6714700	6714850
7	6715260	6715410
7	6715420	6715570
7	6715700	6715850
7	6715900	6716050
7	6731460	6731610
7	6731620	6731770
7	7087980	7088130
7	7088200	7088350
7	26523700	26523850
7	29011780	29011930
7	36977460	36977610
7	36977660	36977810
7	43910585	43910735
7	43910780	43910930
7	48430840	48430990
7	48431420	48431570
7	48431620	48431770
7	56007120	56007270
7	56007340	56007490
7	56534200	56534350
7	56534400	56534550
7	56534720	56534870
7	56534920	56535070
7	57233020	57233170
7	57233180	57233330
7	62548300	62548450
7	63337060	63337210
7	63337300	63337450
7	63475700	63475850
7	63538840	63538990
7	63539240	63539390
7	63726420	63726570
7	63727080	63727230
7	63808960	63809110
7	63809540	63809690
7	63889700	63889850
7	63981440	63981590
7	63981740	63981890
7	63982140	63982290
7	64166780	64166930
7	64167040	64167190
7	64167380	64167530
7	64438780	64438930
7	64439160	64439310
7	64439380	64439530
7	70842260	70842410
7	70842500	70842650
7	92497860	92498010
7	92498480	92498630
7	92569100	92569250
7	92569400	92569550
8	195180	195330
8	195460	195610
8	195720	195870
8	196100	196250
8	2233780	2233930
8	2234240	2234390
8	2234400	2234550
8	8364040	8364190
8	18035500	18035650
8	24955940	24956090
8	25270720	25270870
8	25271100	25271250
8	41565580	41565730
8	41566325	41566475
8	47782640	47782790
8	47782820	47782970
8	47783080	47783230
8	50536460	50536610
8	50536640	50536790
8	66690440	66690590
8	94659540	94659690
8	125950400	125950550
8	125950780	125950930
8	125988820	125988970
8	125989040	125989190
8	125989240	125989390
8	125989400	125989550
8	145933100	145933250
8	145933400	145933550
8	145933620	145933770
8	145947820	145947970
8	146067420	146067570
8	146067580	146067730
8	146067780	146067930
8	146067980	146068130
8	146202700	146202850
8	146202880	146203030
9	2173080	2173230
9	2173260	2173410
9	11402760	11402910
9	19794600	19794750
9	83284940	83285090
9	95608820	95608970
9	95609040	95609190
9	95609260	95609410
9	96512340	96512490
9	99500540	99500690
9	99521180	99521330
9	99521380	99521530
9	99521640	99521790
9	99521820	99521970
9	99580420	99580570
9	99580800	99580950
9	99581000	99581150
9	99581160	99581310
9	104170820	104170970
9	104171020	104171170
9	104171180	104171330
9	104171440	104171590
9	110265265	110265415
9	114304700	114304850
9	114304900	114305050
9	114305060	114305210
9	115759420	115759570
9	115759620	115759770
9	115759820	115759970
9	115805120	115805270
9	115805280	115805430
9	115805520	115805670
9	115805700	115805850
9	115805860	115806010
9	130206580	130206730
9	130206780	130206930
9	130207000	130207150
9	130207260	130207410
9	135368120	135368270
9	135368405	135368555
10	13712420	13712570
10	13712600	13712750
10	21744880	21745030
10	30377240	30377390
10	30377400	30377550
10	38083580	38083730
10	38120740	38120890
10	38121020	38121170
10	38121180	38121330
10	38407060	38407210
10	38407240	38407390
10	42831400	42831550
10	42831580	42831730
10	42832200	42832350
10	42832680	42832830
10	44019860	44020010
10	44020040	44020190
10	44020300	44020450
10	44112180	44112330
10	44112525	44112675
10	45498800	45498950
10	45499320	45499470
10	48473860	48474010
10	48474140	48474290
10	75678540	75678690
10	75678700	75678850
10	75678980	75679130
10	82415765	82415915
10	115360440	115360590
10	115360885	115361035
10	132080940	132081090
10	132081160	132081310
10	132081545	132081695
10	132081780	132081930
10	134254700	134254850
10	134255020	134255170
11	3380480	3380630
11	3380760	3380910
11	3381040	3381190
11	6464760	6464910
11	6465065	6465215
11	6465320	6465470
11	40466840	40466990
11	40467040	40467190
11	40467400	40467550
11	56640220	56640370
11	59767120	59767270
11	59767380	59767530
11	59767580	59767730
11	61801020	61801170
11	61801180	61801330
11	61801565	61801715
11	81410460	81410610
11	94659300	94659450
11	94659520	94659670
11	94659880	94660030
11	112683600	112683750
11	117957940	117958090
11	117958120	117958270
11	123596880	123597030
11	123597220	123597370
11	126765960	126766110
11	126766205	126766355
12	6753100	6753250
12	6753420	6753570
12	6753580	6753730
12	6753780	6753930
12	10793740	10793890
12	10794080	10794230
12	12474920	12475070
12	12475580	12475730
12	12802480	12802630
12	16286360	16286510
12	23753900	23754050
12	23754100	23754250
12	43571320	43571470
12	43571540	43571690
12	50980140	50980290
12	72153600	72153750
12	72153760	72153910
12	72153940	72154090
12	72154100	72154250
12	96598200	96598350
12	96598600	96598750
12	117447340	117447490
12	117447700	117447850
12	125064760	125064910
12	125064940	125065090
12	125887180	125887330
12	125887480	125887630
12	125887760	125887910
12	133501960	133502110
12	133502380	133502530
12	133502560	133502710
12	133502740	133502890
12	133502980	133503130
12	133503140	133503290
12	133503300	133503450
12	133587120	133587270
12	133587280	133587430
12	133587440	133587590
12	133587680	133587830
12	133634460	133634610
12	133634700	133634850
12	133634880	133635030
12	133635120	133635270
12	133635320	133635470
12	133635520	133635670
12	133682260	133682410
12	133682420	133682570
12	133682640	133682790
12	133682800	133682950
12	133683000	133683150
12	133683160	133683310
12	133696960	133697110
12	133697220	133697370
12	133697380	133697530
12	133732560	133732710
12	133732720	133732870
12	133732940	133733090
12	133779460	133779610
12	133779640	133779790
12	133779840	133779990
12	133780060	133780210
12	133780220	133780370
12	133780380	133780530
12	133780600	133780750
13	24398240	24398390
13	24398480	24398630
13	24398660	24398810
13	44866420	44866570
13	44866700	44866850
13	44866860	44867010
13	45476820	45476970
13	45476980	45477130
13	89160680	89160830
13	93669920	93670070
13	93670140	93670290
13	103146905	103147055
13	111183060	111183210
13	111183280	111183430
13	111183545	111183695
14	71771560	71771710
14	71772000	71772150
14	84808260	84808410
15	25302185	25302335
15	25307425	25307575
15	25312900	25313050
15	25313120	25313270
15	25315360	25315510
15	25315720	25315870
15	25315880	25316030
15	25318080	25318230
15	25318460	25318610
15	39503720	39503870
15	39503920	39504070
15	62611720	62611870
15	62612240	62612390
15	62612460	62612610
15	62612620	62612770
15	69946280	69946430
15	69946640	69946790
15	72114100	72114250
15	72114400	72114550
15	93814680	93814830
15	99373200	99373350
15	99373380	99373530
15	99373540	99373690
16	3340505	3340655
16	15657520	15657670
16	15657680	15657830
16	15657840	15657990
16	31433040	31433190
16	31766420	31766570
16	31766720	31766870
16	31927040	31927190
16	31927300	31927450
16	31927540	31927690
16	31927780	31927930
16	51172240	51172390
16	51172405	51172555
16	51172880	51173030
16	54337620	54337770
16	54411180	54411330
16	57250780	57250930
16	57250940	57251090
16	57251180	57251330
16	68597340	68597490
16	68597580	68597730
16	68597820	68597970
16	68597985	68598135
16	68598140	68598290
16	68598400	68598550
16	68598600	68598750
16	70998400	70998550
16	70998600	70998750
16	70998820	70998970
16	71191560	71191710
16	71191725	71191875
16	71191960	71192110
16	71482360	71482510
16	71482880	71483030
16	75203540	75203690
16	75203880	75204030
16	75204040	75204190
16	79249300	79249450
16	79249460	79249610
16	87570180	87570330
17	4995400	4995550
17	4995680	4995830
17	4995885	4996035
17	5086460	5086610
17	5086740	5086890
17	5087080	5087230
17	15619800	15619950
17	15620000	15620150
17	15620320	15620470
17	16455160	16455310
17	16455340	16455490
17	16455600	16455750
17	16455980	16456130
17	16525940	16526090
17	18565340	18565490
17	33107265	33107415
17	33107545	33107695
17	33107725	33107875
17	55229140	55229290
17	55229300	55229450
17	59491320	59491470
17	59491640	59491790
17	59491800	59491950
17	70790220	70790370
17	70790400	70790550
17	71599160	71599310
17	71599640	71599790
17	71599800	71599950
17	74416580	74416730
17	74416760	74416910
17	74416920	74417070
17	74417080	74417230
17	74417240	74417390
18	14105080	14105230
18	14105360	14105510
18	32833480	32833630
18	32833740	32833890
18	32886520	32886670
18	32886680	32886830
18	32886940	32887090
18	32887200	32887350
18	70887980	70888130
18	72092880	72093030
18	77491920	77492070
18	77492100	77492250
18	77492260	77492410
18	77492640	77492790
18	77492840	77492990
19	2834060	2834210
19	2834260	2834410
19	2834560	2834710
19	2834740	2834890
19	2917040	2917190
19	2917300	2917450
19	2917480	2917630
19	2917680	2917830
19	2933440	2933590
19	2933660	2933810
19	2933840	2933990
19	7083120	7083270
19	7083360	7083510
19	7083540	7083690
19	7083700	7083850
19	8921880	8922030
19	8922040	8922190
19	8922200	8922350
19	8922380	8922530
19	8922580	8922730
19	9271900	9272050
19	9272060	9272210
19	9272220	9272370
19	9272485	9272635
19	9406280	9406430
19	9406460	9406610
19	9452940	9453090
19	9453200	9453350
19	9453380	9453530
19	9453580	9453730
19	9453820	9453970
19	9491680	9491830
19	9491960	9492110
19	9492120	9492270
19	9492280	9492430
19	9577980	9578130
19	9578380	9578530
19	9639200	9639350
19	9639380	9639530
19	9639540	9639690
19	9639860	9640010
19	9676780	9676930
19	9677020	9677170
19	9677180	9677330
19	9677340	9677490
19	9868120	9868270
19	9868360	9868510
19	9868580	9868730
19	11727820	11727970
19	11728080	11728230
19	11728240	11728390
19	11728480	11728630
19	11762380	11762530
19	11832880	11833030
19	11833100	11833250
19	11833260	11833410
19	11833460	11833610
19	11833720	11833870
19	11917440	11917590
19	11917600	11917750
19	11917780	11917930
19	11917980	11918130
19	12125720	12125870
19	12126320	12126470
19	12154680	12154830
19	12154880	12155030
19	12155180	12155330
19	12155340	12155490
19	12186860	12187010
19	12187240	12187390
19	12187420	12187570
19	12187620	12187770
19	12188180	12188330
19	12188400	12188550
19	12256240	12256390
19	12256420	12256570
19	12298360	12298510
19	12298520	12298670
19	12298700	12298850
19	12358340	12358490
19	12358600	12358750
19	12358780	12358930
19	12359000	12359150
19	12383220	12383370
19	12383440	12383590
19	12383620	12383770
19	12461360	12461510
19	12461640	12461790
19	12461920	12462070
19	12490660	12490810
19	12490840	12490990
19	12574860	12575010
19	12575340	12575490
19	12575560	12575710
19	12575720	12575870
19	12575920	12576070
19	12576200	12576350
19	12576400	12576550
19	12637540	12637690
19	12637700	12637850
19	12638320	12638470
19	12638520	12638670
19	12691740	12691890
19	12691980	12692130
19	12692140	12692290
19	12738980	12739130
19	12739500	12739650
19	12739780	12739930
19	14829380	14829530
19	14829560	14829710
19	19822220	19822370
19	19822380	19822530
19	19822540	19822690
19	19822720	19822870
19	19946480	19946630
19	19946720	19946870
19	20002880	20003030
19	20044340	20044490
19	20044700	20044850
19	20045040	20045190
19	20228880	20229030
19	20229140	20229290
19	20229300	20229450
19	20308400	20308550
19	20308620	20308770
19	20727320	20727470
19	20727560	20727710
19	20727920	20728070
19	20807700	20807850
19	20989580	20989730
19	20989920	20990070
19	21566900	21567050
19	21567180	21567330
19	21606680	21606830
19	21720000	21720150
19	21838320	21838470
19	21909620	21909770
19	21909840	21909990
19	21910100	21910250
19	21991360	21991510
19	22152680	22152830
19	22271120	22271270
19	22654880	22655030
19	22655120	22655270
19	23159020	23159170
19	23159280	23159430
19	23328900	23329050
19	23329080	23329230
19	23329280	23329430
19	23405800	23405950
19	23406000	23406150
19	23406300	23406450
19	23926560	23926710
19	23926960	23927110
19	24015440	24015590
19	24015880	24016030
19	24115840	24115990
19	24310600	24310750
19	28365700	28365850
19	35250100	35250250
19	35250360	35250510
19	35250680	35250830
19	35250860	35251010
19	35434720	35434870
19	35434980	35435130
19	35435220	35435370
19	36831800	36831950
19	36832000	36832150
19	36884180	36884330
19	36884440	36884590
19	36939980	36940130
19	36940200	36940350
19	36940360	36940510
19	37004800	37004950
19	37005000	37005150
19	37005260	37005410
19	37005420	37005570
19	37037960	37038110
19	37038140	37038290
19	37038400	37038550
19	37117920	37118070
19	37118080	37118230
19	37129540	37129690
19	37129720	37129870
19	37129880	37130030
19	37130080	37130230
19	37210240	37210390
19	37210500	37210650
19	37210700	37210850
19	37210920	37211070
19	37211080	37211230
19	37211260	37211410
19	37241040	37241190
19	37241220	37241370
19	37241420	37241570
19	37310060	37310210
19	37310320	37310470
19	37310620	37310770
19	37367720	37367870
19	37367900	37368050
19	37368200	37368350
19	37368380	37368530
19	37368560	37368710
19	37382720	37382870
19	37382920	37383070
19	37441140	37441290
19	37441500	37441650
19	37441700	37441850
19	37487880	37488030
19	37488060	37488210
19	37619020	37619170
19	37619180	37619330
19	37619480	37619630
19	37619720	37619870
19	37733880	37734030
19	37734100	37734250
19	37734300	37734450
19	37879900	37880050
19	37880240	37880390
19	37904240	37904390
19	37904500	37904650
19	37904660	37904810
19	37975780	37975930
19	37975965	37976115
19	38028280	38028430
19	38028540	38028690
19	38055480	38055630
19	38055740	38055890
19	38126040	38126190
19	38126240	38126390
19	38126420	38126570
19	38126580	38126730
19	38126740	38126890
19	38127020	38127170
19	38229360	38229510
19	38229560	38229710
19	38229740	38229890
19	38293800	38293950
19	38294000	38294150
19	38294200	38294350
19	44351320	44351470
19	44351480	44351630
19	44351640	44351790
19	44351860	44352010
19	44376980	44377130
19	44377220	44377370
19	44980640	44980790
19	44980820	44980970
19	44981080	44981230
19	44981260	44981410
19	44981420	44981570
19	44981580	44981730
19	44981760	44981910
19	52365100	52365250
19	52365360	52365510
19	52365520	52365670
19	52376580	52376730
19	52418360	52418510
19	52418560	52418710
19	52418740	52418890
19	52447980	52448130
19	52448280	52448430
19	52448560	52448710
19	52497420	52497570
19	52497640	52497790
19	52569800	52569950
19	52570080	52570230
19	52570280	52570430
19	52618660	52618810
19	52618840	52618990
19	52619000	52619150
19	52619240	52619390
19	52619400	52619550
19	52659180	52659330
19	52869240	52869390
19	52869480	52869630
19	52977060	52977210
19	52977220	52977370
19	52977380	52977530
19	52978100	52978250
19	52978260	52978410
19	53057240	53057390
19	53057740	53057890
19	53058040	53058190
19	53058200	53058350
19	53116380	53116530
19	53116580	53116730
19	53117020	53117170
19	53303420	53303570
19	53303660	53303810
19	53344180	53344330
19	53344400	53344550
19	53384100	53384250
19	53384540	53384690
19	53715900	53716050
19	53716080	53716230
19	53716420	53716570
19	53740540	53740690
19	53740720	53740870
19	54080220	54080370
19	54080460	54080610
19	54080680	54080830
19	56888520	56888670
19	56888780	56888930
19	56889020	56889170
19	56934680	56934830
19	56935020	56935170
19	56935180	56935330
19	56935360	56935510
19	57036700	57036850
19	57036960	57037110
19	57065620	57065770
19	57065900	57066050
19	57066220	57066370
19	57089020	57089170
19	57089200	57089350
19	57089460	57089610
19	57089620	57089770
19	57622280	57622430
19	57622460	57622610
19	57622760	57622910
19	58083940	58084090
19	58084120	58084270
19	58131660	58131810
19	58131920	58132070
19	58132120	58132270
19	58132300	58132450
19	58489780	58489930
19	58489960	58490110
19	58490120	58490270
19	58490280	58490430
19	58490440	58490590
19	58490660	58490810
19	58578360	58578510
19	58578700	58578850
19	58579040	58579190
19	58619085	58619235
19	58619380	58619530
19	58619560	58619710
19	58619940	58620090
19	58620140	58620290
19	58620325	58620475
19	58639160	58639310
19	58639460	58639610
19	58639620	58639770
19	58639820	58639970
19	58640000	58640150
19	58678060	58678210
19	58678280	58678430
19	58708100	58708250
19	58708300	58708450
19	58708520	58708670
19	58708720	58708870
19	58724080	58724230
19	58724300	58724450
19	58773100	58773250
19	58773260	58773410
19	58773520	58773670
19	58773705	58773855
19	58773860	58774010
19	58774140	58774290
20	26188765	26188915
20	26189025	26189175
20	26189285	26189435
20	26189905	26190055
20	26190085	26190235
20	33544860	33545010
20	33545080	33545230
20	33545540	33545690
20	38514740	38514890
20	38515040	38515190
20	45084825	45084975
20	45085080	45085230
20	45085300	45085450
20	46860245	46860395
20	55571000	55571150
20	55689720	55689870
20	55690005	55690155
20	55690160	55690310
20	55690325	55690475
20	55690545	55690695
20	55690845	55690995
20	60684240	60684390
20	60684400	60684550
20	60684640	60684790
20	60687520	60687670
21	11117760	11117910
21	11118120	11118270
21	11118420	11118570
21	16884120	16884270
21	16884320	16884470
21	30103060	30103210
21	35384080	35384230
21	35384300	35384450
22	36208640	36208790
22	36208860	36209010
22	42471080	42471230
22	42471360	42471510
22	42471520	42471670
22	42471720	42471870
100	20033840	20033990
100	20034320	20034470
100	20034480	20034630
100	41069100	41069250
100	46359580	46359730
100	46359740	46359890
100	47272740	47272890
100	47835780	47835930
100	47836020	47836170
100	47836300	47836450
100	47918620	47918770
100	149705260	149705410
