1	1243620	1243770
1	1243780	1243930
1	1335840	1335990
1	1499640	1499790
1	3691480	3691630
1	8257840	8257990
1	8258080	8258230
1	8919380	8919530
1	8919580	8919730
1	8928240	8928390
1	8928400	8928550
1	8928780	8928930
1	11731600	11731750
1	11741160	11741310
1	11857900	11858050
1	11858480	11858630
1	11858640	11858790
1	11865720	11865870
1	11865940	11866090
1	11968160	11968310
1	11968320	11968470
1	11968480	11968630
1	11969660	11969810
1	11969860	11970010
1	12278660	12278810
1	12508860	12509010
1	12509120	12509270
1	15870180	15870330
1	15870360	15870510
1	16279320	16279470
1	16279480	16279630
1	16339085	16339235
1	16339300	16339450
1	17222620	17222770
1	17231680	17231830
1	17231840	17231990
1	19639180	19639330
1	20196540	20196690
1	20196740	20196890
1	21646620	21646770
1	21974480	21974630
1	22231540	22231690
1	24018120	24018270
1	24018400	24018550
1	24104420	24104570
1	24290940	24291090
1	24291660	24291810
1	24291840	24291990
1	25739720	25739870
1	25739900	25740050
1	26396940	26397090
1	26397125	26397275
1	26438060	26438210
1	26438260	26438410
1	26452900	26453050
1	26613560	26613710
1	26613740	26613890
1	26704880	26705030
1	26705040	26705190
1	27114280	27114430
1	27114540	27114690
1	27216480	27216630
1	27216700	27216850
1	27481480	27481630
1	27481680	27481830
1	27727280	27727430
1	27869140	27869290
1	28609000	28609150
1	28655340	28655490
1	28655500	28655650
1	28832360	28832510
1	28832680	28832830
1	28836380	28836530
1	28836660	28836810
1	28836940	28837090
1	28837200	28837350
1	28837440	28837590
1	28837600	28837750
1	28837880	28838030
1	28838120	28838270
1	28908300	28908450
1	28975060	28975210
1	28975240	28975390
1	28975400	28975550
1	29210460	29210610
1	29210620	29210770
1	29211380	29211530
1	29211540	29211690
1	29483420	29483570
1	31241820	31241970
1	31241980	31242130
1	31403120	31403270
1	31628140	31628290
1	31628380	31628530
1	32292720	32292870
1	32292920	32293070
1	32410080	32410230
1	32410240	32410390
1	32599140	32599290
1	32856680	32856830
1	33238520	33238670
1	33238680	33238830
1	33238960	33239110
1	35641080	35641230
1	35641360	35641510
1	35658460	35658610
1	35658700	35658850
1	36396640	36396790
1	36396860	36397010
1	38325820	38325970
1	38455460	38455610
1	38455680	38455830
1	39281820	39281970
1	39281980	39282130
1	39633620	39633770
1	39633780	39633930
1	40042260	40042410
1	40042460	40042610
1	40177180	40177330
1	40177360	40177510
1	40539500	40539650
1	41157440	41157590
1	41157600	41157750
1	41469420	41469570
1	41469640	41469790
1	43169160	43169310
1	43389960	43390110
1	43390220	43390370
1	43390600	43390750
1	43390780	43390930
1	43428820	43428970
1	43429420	43429570
1	43988500	43988650
1	44173000	44173150
1	44173320	44173470
1	44501620	44501770
1	44501780	44501930
1	44951400	44951550
1	45187200	45187350
1	45187360	45187510
1	45187560	45187710
1	45196380	45196530
1	45196540	45196690
1	45196700	45196850
1	45241020	45241170
1	45241180	45241330
1	45285540	45285690
1	45478340	45478490
1	45478520	45478670
1	45987460	45987610
1	45987620	45987770
1	46049540	46049690
1	46049840	46049990
1	46624260	46624410
1	46806420	46806570
1	47646880	47647030
1	47647040	47647190
1	47697960	47698110
1	47698125	47698275
1	52252160	52252310
1	52254540	52254690
1	52254920	52255070
1	52255140	52255290
1	52818445	52818595
1	53691520	53691670
1	57684420	57684570
1	57684600	57684750
1	61514640	61514790
1	65329800	65329950
1	65330020	65330170
1	65487580	65487730
1	65487800	65487950
1	65696820	65696970
1	65758800	65758950
1	65783660	65783810
1	68199600	68199750
1	68199780	68199930
1	76262620	76262770
1	76262840	76262990
1	78470040	78470190
1	84384600	84384750
1	84384760	84384910
1	84972160	84972310
1	84972340	84972490
1	90011240	90011390
1	93614240	93614390
1	95100600	95100750
1	95100760	95100910
1	100813020	100813170
1	109642760	109642910
1	109642940	109643090
1	109677160	109677310
1	109968900	109969050
1	109969060	109969210
1	111704620	111704770
1	113216780	113216930
1	113216960	113217110
1	113582860	113583010
1	114456960	114457110
1	114922720	114922870
1	114929100	114929250
1	115259320	115259470
1	117113000	117113150
1	117113160	117113310
1	118155340	118155490
1	118155520	118155670
1	120279900	120280050
1	120280120	120280270
1	144534000	144534150
1	144534160	144534310
1	144534340	144534490
1	145382700	145382850
1	145382860	145383010
1	145383040	145383190
1	145438240	145438390
1	145438440	145438590
1	145442860	145443010
1	145443040	145443190
1	146556060	146556210
1	146556220	146556370
1	147735780	147736050
1	147806440	147806590
1	147806600	147806750
1	147994140	147994290
1	147994400	147994550
1	148241460	148241610
1	148241700	148241850
1	148604780	148604930
1	149223640	149223930
1	149224440	149224590
1	149224600	149224750
1	149513960	149514110
1	149514120	149514270
1	149605980	149606130
1	149858300	149858450
1	149858460	149858610
1	150518200	150518350
1	150545880	150546030
1	153316260	153316410
1	153316420	153316570
1	153316580	153316730
1	153634020	153634170
1	153963060	153963210
1	153963220	153963370
1	153963380	153963530
1	155214540	155214690
1	155881080	155881230
1	155881260	155881410
1	156430240	156430390
1	156430400	156430550
1	156928140	156928290
1	157249420	157249570
1	160509980	160510130
1	160510160	160510310
1	161136240	161136390
1	161136400	161136550
1	161283980	161284130
1	162342640	162342790
1	162356100	162356250
1	162356260	162356410
1	164681460	164681610
1	164681620	164681770
1	166554300	166554450
1	166554480	166554630
1	166674760	166674910
1	167189480	167189630
1	167596940	167597090
1	167597100	167597250
1	167597260	167597410
1	167954280	167954430
1	167954460	167954610
1	173458120	173458270
1	173831480	173831630
1	173831680	173831830
1	173832460	173832610
1	173836960	173837110
1	173837120	173837270
1	173837520	173837670
1	173837680	173837830
1	174128540	174128690
1	179016160	179016310
1	179016380	179016530
1	179941120	179941270
1	181122140	181122290
1	181122340	181122490
1	182269220	182269370
1	182269400	182269550
1	182760900	182761050
1	182857680	182857830
1	182857840	182857990
1	183440960	183441110
1	183441120	183441270
1	185253840	185253990
1	185254025	185254175
1	192946540	192946690
1	192955300	192955450
1	195868100	195868250
1	201939540	201939690
1	201939740	201939890
1	203281040	203281190
1	204641620	204641770
1	204680520	204680670
1	205091200	205091350
1	205091360	205091510
1	205091540	205091690
1	205647740	205647890
1	206785700	206785850
1	206785860	206786010
1	206846600	206846750
1	206908920	206909070
1	207020800	207020950
1	207020960	207021110
1	207197740	207197890
1	207693580	207693730
1	207779240	207779390
1	207799680	207799830
1	207823420	207823570
1	210547360	210547510
1	211803480	211803630
1	211803640	211803790
1	211803800	211803950
1	212325620	212325770
1	212325800	212325950
1	212458660	212458810
1	212458860	212459010
1	212794480	212794630
1	220080300	220080450
1	223406920	223407070
1	223407080	223407230
1	224691260	224691410
1	224691420	224691570
1	226116240	226116390
1	226116420	226116570
1	226163700	226163850
1	226163860	226164010
1	226187020	226187170
1	226187180	226187330
1	226992600	226992750
1	226992760	226992910
1	228366560	228366710
1	228645320	228645470
1	228645520	228645670
1	228701040	228701190
1	230262860	230263010
1	233771760	233771910
1	233772000	233772150
1	233801440	233801590
1	233801600	233801750
1	235012120	235012270
1	235012280	235012430
1	235110800	235110950
1	235110960	235111110
1	235114520	235114670
1	235114680	235114830
1	235271620	235271770
1	236709200	236709350
1	241859440	241859590
1	242161840	242161990
1	242162000	242162150
1	245015180	245015330
1	245015340	245015490
2	6987520	6987670
2	7034040	7034190
2	12081420	12081570
2	12081600	12081750
2	12108220	12108370
2	12108400	12108550
2	24163480	24163630
2	24234260	24234410
2	24234420	24234570
2	25043605	25043755
2	25043800	25043950
2	26362480	26362630
2	27603580	27603730
2	28578460	28578610
2	30414700	30414850
2	30513540	30513690
2	30513700	30513850
2	30884160	30884310
2	30884360	30884510
2	33141280	33141430
2	38604340	38604490
2	38604500	38604650
2	38870940	38871090
2	38871120	38871270
2	38978380	38978530
2	42587120	42587270
2	42587280	42587430
2	43417880	43418030
2	43449040	43449190
2	43449280	43449430
2	43952240	43952390
2	54799440	54799590
2	54799640	54799790
2	55367600	55367750
2	55367760	55367910
2	55367940	55368090
2	68348200	68348350
2	68348360	68348510
2	68362680	68362830
2	68785900	68786050
2	70026100	70026250
2	70026260	70026550
2	72110140	72110290
2	72110340	72110490
2	73461280	73461430
2	74682080	74682230
2	74699700	74699850
2	84198800	84198950
2	85773000	85773150
2	85773160	85773310
2	86161340	86161490
2	86161520	86161670
2	86371420	86371570
2	86416640	86416790
2	88315840	88315990
2	88991160	88991310
2	88991360	88991510
2	100015840	100015990
2	100017200	100017350
2	101624160	101624310
2	101624320	101624470
2	102685820	102685970
2	102686065	102686215
2	102952400	102952550
2	102952620	102952770
2	108327780	108327930
2	108328760	108328910
2	108328940	108329090
2	108972640	108972790
2	108972820	108972970
2	109211500	109211650
2	109211660	109211810
2	113299880	113300030
2	113300120	113300270
2	113441460	113441610
2	113441640	113441790
2	113770600	113770750
2	121832720	121832870
2	121832880	121833030
2	122288560	122288710
2	127431700	127431850
2	145116620	145116770
2	145116840	145116990
2	145140480	145140630
2	158078000	158078150
2	158108560	158108710
2	158786520	158786670
2	160471820	160471970
2	160471980	160472130
2	162029680	162029830
2	162029860	162030010
2	169630560	169630710
2	169630720	169630870
2	169630880	169631030
2	169792660	169792810
2	169868740	169868890
2	169868900	169869050
2	171120160	171120310
2	171120340	171120490
2	171829940	171830090
2	171830120	171830270
2	172290420	172290570
2	174829440	174829590
2	178076860	178077010
2	178077100	178077250
2	179138540	179138690
2	179138700	179138850
2	183580700	183580850
2	183580860	183581010
2	191885020	191885170
2	192462020	192462170
2	217957600	217957750
2	220144240	220144390
2	220144400	220144550
2	227700160	227700310
2	227700340	227700490
2	232316780	232316930
2	232317360	232317510
2	232317600	232317750
2	232578600	232578750
2	233956320	233956470
2	238873620	238873770
2	238873780	238873930
3	4685620	4685770
3	4685780	4685930
3	5019340	5019490
3	5150060	5150210
3	5163820	5163970
3	5470580	5470730
3	5470820	5470970
3	9427660	9427810
3	9427820	9427970
3	9428220	9428370
3	9428400	9428670
3	9791400	9791550
3	9791560	9791710
3	9854725	9854875
3	9854920	9855070
3	9904260	9904410
3	9904420	9904570
3	10341480	10341630
3	10341705	10341855
3	12625520	12625670
3	12625680	12625830
3	12873360	12873510
3	12876500	12876650
3	13044000	13044150
3	13044220	13044370
3	13526660	13526810
3	13526820	13526970
3	14274020	14274170
3	14274425	14274575
3	15094280	15094430
3	15094440	15094590
3	15140520	15140670
3	15140680	15140830
3	33138720	33138870
3	33138880	33139030
3	36999500	36999650
3	36999700	36999850
3	37034260	37034410
3	37034540	37034690
3	37807220	37807370
3	37807400	37807550
3	38028480	38028630
3	39181780	39181930
3	39181980	39182130
3	39454800	39454950
3	39455020	39455170
3	39455380	39455530
3	39455560	39455710
3	39456220	39456370
3	41240820	41240970
3	41283620	41283770
3	41283880	41284030
3	43732340	43732490
3	44481320	44481470
3	44481540	44481690
3	44559720	44559870
3	44559885	44560035
3	45179300	45179450
3	46550760	46550910
3	48229880	48230030
3	49058880	49059030
3	65025400	65025550
3	65025580	65025730
3	69774000	69774150
3	69774160	69774310
3	72135620	72135770
3	72194000	72194150
3	98302640	98302790
3	98302840	98302990
3	125152040	125152190
3	127790200	127790350
3	127790440	127790590
3	127791640	127791790
3	127791800	127791950
3	129035000	129035150
3	129118740	129118890
3	129119020	129119170
3	138594600	138594750
3	138594760	138594910
3	138940920	138941070
3	138941080	138941230
3	139018340	139018490
3	139018520	139018670
3	142803960	142804110
3	142804160	142804310
3	150481920	150482070
3	151986520	151986670
3	151986680	151986830
3	152189880	152190030
3	155546380	155546530
3	167875180	167875330
3	172724980	172725130
3	172725160	172725310
3	177063460	177063610
3	177888480	177888630
3	177888640	177888790
3	183967240	183967390
3	183967425	183967575
3	184053600	184053750
3	185631200	185631350
3	185631600	185631750
3	185631760	185631910
3	185631980	185632130
3	185632180	185632330
3	185632340	185632490
3	185632540	185632690
3	185632900	185633050
3	185633080	185633230
3	185634180	185634330
3	186501280	186501430
3	186501500	186501650
3	186507720	186507870
3	186507940	186508090
3	186508180	186508330
3	193378500	193378650
3	193378660	193378810
3	195774220	195774370
3	195775060	195775210
3	195775380	195775530
3	195775540	195775690
3	195775920	195776070
3	195776120	195776270
3	195808920	195809070
3	196238880	196239030
3	196239040	196239190
3	196669660	196669810
3	196715300	196715450
3	196715460	196715610
3	197171220	197171370
4	760800	760950
4	763900	764050
4	764140	764290
4	4249860	4250010
4	4250020	4250170
4	10118600	10118750
4	10118860	10119010
4	10182700	10182850
4	10182860	10183010
4	39454500	39454650
4	40292520	40292670
4	48128800	48128950
4	48205880	48206030
4	55437540	55437690
4	69730200	69730350
4	69730400	69730550
4	71769000	71769150
4	72723520	72723670
4	72723680	72723830
4	79542640	79542790
4	79613220	79613370
4	79613380	79613530
4	81064500	81064650
4	81100840	81100990
4	83270760	83270910
4	83270960	83271110
4	83345400	83345550
4	83345580	83345730
4	100763560	100763710
4	100763720	100763870
4	100871100	100871250
4	100871400	100871550
4	103715940	103716090
4	111119840	111119990
4	111120000	111120150
4	111170020	111170170
4	119199760	119199910
4	119200040	119200190
4	140004040	140004190
4	140004205	140004355
4	146200040	146200190
4	146200200	146200350
4	154449920	154450070
4	154450105	154450255
4	164116480	164116630
4	170548140	170548290
4	174255540	174255690
4	174256260	174256410
4	174256420	174256570
4	175603040	175603190
4	175603200	175603350
4	185606060	185606210
4	186064280	186064430
4	190861760	190861910
4	190861920	190862070
5	657780	657930
5	1634020	1634170
5	10294840	10294990
5	10441440	10441590
5	10441600	10441750
5	10589060	10589210
5	16418620	16418770
5	16418860	16419010
5	40756080	40756230
5	40756240	40756390
5	40802140	40802290
5	40829340	40829490
5	40829520	40829670
5	41904320	41904470
5	41904520	41904670
5	43483900	43484050
5	53621560	53621710
5	53621760	53621910
5	55333360	55333510
5	55419580	55419730
5	55419740	55419890
5	67716560	67716710
5	75953820	75953970
5	76034840	76034990
5	76035000	76035150
5	76145800	76145950
5	77074900	77075050
5	77075080	77075230
5	77656160	77656310
5	81570420	81570570
5	81570620	81570770
5	81571080	81571230
5	85822640	85822790
5	85822800	85822950
5	89940080	89940230
5	90279020	90279170
5	90279180	90279330
5	90676000	90676150
5	90679040	90679190
5	95048180	95048330
5	95048340	95048490
5	95404100	95404250
5	112213880	112214030
5	123987760	123987910
5	123987940	123988090
5	126220020	126220170
5	126220200	126220350
5	131433900	131434050
5	131987740	131987890
5	131987920	131988070
5	133512500	133512650
5	133512660	133512810
5	134469740	134469890
5	134469980	134470130
5	134607620	134607770
5	134607780	134607930
5	137688120	137688270
5	137688280	137688430
5	137803560	137803710
5	137804040	137804190
5	137804880	137805030
5	137805360	137805510
5	137805520	137805670
5	137805720	137805870
5	137805880	137806030
5	137888200	137888350
5	137889420	137889570
5	137889580	137889730
5	138668720	138668870
5	145234260	145234410
5	145234420	145234570
5	150479820	150479970
5	153576940	153577090
5	154033520	154033670
5	154214520	154214670
5	154214680	154214830
5	159688020	159688170
5	159688240	159688390
5	169578440	169578590
5	169578600	169578750
5	170815480	170815630
5	170815640	170815790
5	170839345	170839495
5	175815900	175816050
5	175816060	175816210
5	176882360	176882510
5	176882520	176882670
5	177631460	177631610
5	177631640	177631790
5	177640280	177640430
5	177640460	177640610
5	177641220	177641370
5	179040600	179040750
5	179040800	179040950
5	179050600	179050750
5	179127560	179127710
5	179127720	179127870
5	180662060	180662210
5	180662260	180662410
6	3021360	3021510
6	3023940	3024090
6	3024120	3024270
6	3157760	3157910
6	3288680	3288830
6	3393280	3393430
6	4620920	4621070
6	4928720	4928870
6	7165300	7165450
6	7165600	7165750
6	11931560	11931710
6	13381040	13381190
6	13381200	13381350
6	14734960	14735110
6	14735120	14735270
6	15211460	15211610
6	15211620	15211770
6	15922720	15922870
6	15922880	15923030
6	16031520	16031670
6	16031760	16031910
6	16129200	16129350
6	16129420	16129570
6	16266000	16266150
6	16266160	16266310
6	16267920	16268070
6	16268080	16268230
6	16270560	16270710
6	16270760	16270910
6	17693380	17693530
6	17962720	17962870
6	17962880	17963030
6	20069460	20069610
6	20069620	20069770
6	20302960	20303110
6	20303120	20303270
6	20575500	20575650
6	26027300	26027450
6	26027460	26027610
6	26031440	26031590
6	26031600	26031750
6	26031760	26031910
6	26032120	26032270
6	26032280	26032430
6	26054680	26054830
6	26055260	26055410
6	26055500	26055650
6	26055660	26055810
6	26056400	26056550
6	26056580	26056730
6	26104060	26104210
6	26104220	26104370
6	26156460	26156610
6	26156720	26156870
6	26157460	26157610
6	26157640	26157790
6	26158020	26158170
6	26199360	26199510
6	26199520	26199670
6	26204800	26204950
6	26204960	26205110
6	26234420	26234570
6	26234580	26234730
6	26297320	26297470
6	27088760	27088910
6	27100660	27100810
6	27100960	27101110
6	27106900	27107050
6	27107100	27107250
6	27114720	27114870
6	27114920	27115070
6	27777640	27777790
6	27777800	27777950
6	27777960	27778110
6	27799300	27799450
6	27799480	27799630
6	27860780	27860930
6	27860940	27861090
6	27861100	27861250
6	27861280	27861430
6	27870300	27870450
6	27870540	27870690
6	27870700	27870850
6	28072240	28072390
6	28072460	28072610
6	28188380	28188530
6	28188660	28188810
6	28302960	28303110
6	28534040	28534190
6	28688400	28688550
6	29932700	29932850
6	30524200	30524350
6	30582400	30582550
6	30584700	30584850
6	30584860	30585010
6	30655120	30655270
6	30655280	30655430
6	30685240	30685390
6	30685540	30685690
6	30688120	30688270
6	30688280	30688430
6	30689220	30689370
6	30689380	30689530
6	30693520	30693670
6	30693720	30693870
6	30710480	30710630
6	30710640	30710790
6	31605580	31605730
6	31605740	31605890
6	31628460	31628610
6	31628620	31628770
6	31633580	31633730
6	31697980	31698130
6	31705800	31705950
6	31744840	31744990
6	31745000	31745150
6	31763660	31763810
6	31774420	31774570
6	31774580	31774730
6	31783200	31783350
6	31783360	31783510
6	31795585	31795735
6	31802460	31802610
6	31802620	31802770
6	32099400	32099550
6	32939820	32939970
6	32940020	32940170
6	32949680	32949830
6	33239820	33239970
6	33239980	33240130
6	33244720	33244870
6	33244940	33245090
6	33378020	33378170
6	33378180	33378330
6	34213985	34214135
6	34528420	34528570
6	34543220	34543370
6	35435960	35436110
6	35436120	35436270
6	35438980	35439130
6	35439140	35439290
6	35799760	35799910
6	35799920	35800070
6	36086360	36086510
6	36086520	36086670
6	36562040	36562190
6	36562260	36562410
6	36577040	36577190
6	36577220	36577370
6	36896145	36896295
6	36922080	36922230
6	37071100	37071250
6	37071260	37071410
6	37269960	37270110
6	37400800	37400950
6	37400980	37401130
6	37427940	37428090
6	37428100	37428250
6	37635240	37635390
6	37635400	37635550
6	41907200	41907350
6	41907380	41907530
6	41984840	41984990
6	41985000	41985150
6	42165360	42165510
6	42165540	42165690
6	42847580	42847730
6	42847800	42847950
6	43021320	43021470
6	43021500	43021650
6	43148500	43148650
6	43148740	43148890
6	43490360	43490510
6	43490560	43490710
6	43599020	43599170
6	44193580	44193730
6	44214780	44214930
6	44214960	44215110
6	44222240	44222390
6	44222840	44222990
6	44223040	44223190
6	44934580	44934730
6	44934760	44934910
6	51018160	51018310
6	56954620	56954770
6	56954780	56954930
6	68591020	68591170
6	68599080	68599230
6	71047260	71047410
6	71047420	71047570
6	71104580	71104730
6	74223720	74223870
6	74223880	74224030
6	74224200	74224350
6	74225460	74225610
6	74230600	74230750
6	74230760	74230910
6	84772340	84772490
6	84979820	84979970
6	86323140	86323290
6	86388320	86388470
6	86388480	86388630
6	111221240	111221390
6	111221480	111221630
6	119495880	119496030
6	119496120	119496270
6	119646020	119646170
6	125404340	125404490
6	130173520	130173670
6	133135620	133135770
6	134022820	134022970
6	135644320	135644470
6	135644500	135644650
6	136555760	136555910
6	136571380	136571670
6	136610680	136610830
6	136610920	136611070
6	138725140	138725290
6	144129060	144129210
6	147548480	147548630
6	149969640	149969790
6	149969800	149969950
6	150592640	150592790
6	150593140	150593290
6	153291220	153291370
6	160522560	160522710
6	160992360	160992510
6	161555760	161555910
6	161675880	161676030
6	161676040	161676190
6	164000080	164000230
6	164000240	164000390
6	164000600	164000750
6	164198360	164198510
7	642200	642350
7	1896120	1896270
7	2062640	2062790
7	2344280	2344430
7	2344460	2344610
7	5497520	5497670
7	5497680	5497830
7	5562640	5562790
7	5562800	5562950
7	5563960	5564110
7	5565060	5565210
7	5566000	5566150
7	5566160	5566310
7	5566340	5566490
7	5570180	5570330
7	5594440	5594590
7	5594640	5594790
7	5632340	5632490
7	5635760	5635910
7	5638540	5638690
7	5646645	5646795
7	5646840	5646990
7	6063620	6063770
7	6063805	6063955
7	10747280	10747430
7	10747440	10747590
7	12443160	12443310
7	16308560	16308710
7	16308720	16308870
7	16779900	16780050
7	16780080	16780230
7	20259420	20259570
7	20259580	20259730
7	22390500	22390650
7	23841880	23842030
7	25164600	25164750
7	25164880	25165030
7	26226460	26226610
7	26226720	26226870
7	26227200	26227350
7	26227620	26227770
7	26228320	26228470
7	26228700	26228850
7	26228860	26229010
7	26229300	26229450
7	26229460	26229610
7	26230160	26230310
7	26230320	26230470
7	26240300	26240450
7	30634260	30634410
7	30634420	30634570
7	30936800	30936950
7	30954640	30954790
7	30954820	30954970
7	39849860	39850010
7	39850060	39850210
7	42951420	42951570
7	42951580	42951730
7	44120920	44121070
7	44837260	44837410
7	44837560	44837710
7	45034840	45034990
7	45151100	45151250
7	45151260	45151410
7	64460120	64460270
7	65580420	65580570
7	72176020	72176170
7	72176180	72176330
7	73300420	73300570
7	73300580	73300730
7	75620360	75620510
7	75620520	75620670
7	75988200	75988350
7	77428105	77428255
7	86781860	86782010
7	86782040	86782190
7	89975820	89975970
7	92219640	92219790
7	99055380	99055530
7	99055560	99055710
7	99263060	99263210
7	99432880	99433030
7	99689240	99689390
7	99689500	99689650
7	99689720	99689870
7	99690700	99690850
7	99690860	99691010
7	99756300	99756450
7	100026240	100026390
7	100026400	100026550
7	100239120	100239270
7	100239300	100239450
7	100276300	100276450
7	100276465	100276615
7	100399960	100400110
7	100400120	100400270
7	100425460	100425610
7	100486380	100486530
7	100486545	100486695
7	100808800	100808950
7	102036860	102037010
7	102082160	102082310
7	102633480	102633630
7	103484260	103484410
7	103636640	103636790
7	104624060	104624210
7	104624280	104624430
7	104653020	104653170
7	104653180	104653330
7	104654260	104654410
7	104654420	104654570
7	104752200	104752350
7	105712560	105712710
7	106209460	106209610
7	106209620	106209770
7	106619120	106619270
7	106647860	106648010
7	106648040	106648190
7	106650720	106650870
7	106810100	106810250
7	106810260	106810410
7	107476800	107477070
7	111078680	111078830
7	116516920	116517070
7	116517140	116517290
7	116592900	116593050
7	116593060	116593210
7	117432260	117432410
7	117432440	117432590
7	121036460	121036610
7	121036640	121036790
7	128500240	128500390
7	128587880	128588030
7	129251440	129251590
7	129360120	129360270
7	129360280	129360430
7	129360460	129360610
7	129598540	129598690
7	129598760	129598910
7	129691140	129691290
7	132464720	132464870
7	137647780	137647930
7	137647940	137648090
7	137928320	137928470
7	137942280	137942430
7	137942440	137942590
7	138037380	138037530
7	138037565	138037715
7	138775700	138775850
7	139026360	139026510
7	139044320	139044470
7	139044480	139044630
7	139876900	139877050
7	139941860	139942010
7	140178620	140178770
7	140178780	140178930
7	141251060	141251210
7	143201840	143201990
7	148581680	148581830
7	148725820	148725970
7	148726005	148726155
7	148844480	148844630
7	148844680	148844830
7	150102300	150102450
7	150102460	150102610
7	150759440	150759590
7	151092560	151092710
7	151092745	151092895
7	152133680	152133830
7	152133840	152133990
7	153105940	153106090
7	153106105	153106255
7	153111000	153111150
7	154997000	154997150
7	154997160	154997310
7	154997320	154997470
7	155089440	155089590
7	155089660	155089810
7	155578360	155578510
7	158497460	158497610
7	158497620	158497770
7	158622220	158622370
7	158622520	158622670
8	11207840	11207990
8	11703300	11703450
8	11704080	11704230
8	11704240	11704390
8	15440140	15440290
8	15440340	15440490
8	17980260	17980410
8	23351740	23351890
8	23430860	23431010
8	26248640	26248790
8	27221260	27221410
8	27221420	27221570
8	33370960	33371110
8	33371120	33371270
8	37531220	37531370
8	37939540	37939690
8	41655120	41655270
8	48469900	48470050
8	50022960	50023110
8	50023140	50023290
8	91200000	91200150
8	93107620	93107770
8	93107780	93107930
8	101734260	101734410
8	102061040	102061190
8	103404980	103405130
8	103603200	103603350
8	105634820	105634970
8	108322620	108322770
8	124194660	124194810
8	124194820	124194970
8	124934380	124934530
8	124934540	124934690
8	125827580	125827730
8	125827760	125827910
8	126103880	126104030
8	126104040	126104190
8	128911080	128911230
8	128911240	128911390
8	128972400	128972550
8	128972600	128972750
8	130951980	130952130
8	131355460	131355610
8	141629120	141629270
8	144373420	144373570
8	144897880	144898030
8	145537480	145537630
8	145754120	145754270
8	145754340	145754490
8	145754500	145754650
9	4862860	4863010
9	4863040	4863190
9	7067220	7067370
9	7067380	7067530
9	37197140	37197290
9	37197320	37197470
9	38069540	38069690
9	38069760	38069910
9	71123520	71123670
9	71123680	71123830
9	75639700	75639850
9	75786980	75787130
9	75787140	75787290
9	96328900	96329050
9	98224920	98225070
9	98225080	98225230
9	100684600	100684750
9	100746960	100747110
9	100747160	100747310
9	100769520	100769670
9	100769680	100769830
9	100987420	100987570
9	100987580	100987730
9	104603220	104603370
9	110856400	110856550
9	110856560	110856710
9	113133800	113133950
9	115185120	115185270
9	119227480	119227630
9	119227640	119227790
9	123529040	123529190
9	126067060	126067210
9	126067220	126067370
9	127624080	127624370
9	127997220	127997370
9	127997480	127997630
9	127997760	127997910
9	128003560	128003710
9	128047100	128047250
9	128047260	128047410
9	130877940	130878090
9	130878100	130878250
9	130953780	130953930
9	131038420	131038570
9	131038620	131038770
9	131084680	131084830
9	131084860	131085010
9	131767100	131767250
9	131767260	131767410
9	131831720	131831870
9	131831880	131832030
9	131873280	131873430
9	132008960	132009110
9	132009140	132009290
9	132552680	132552830
9	132552840	132552990
9	132586140	132586290
9	132586400	132586550
9	132625440	132625590
9	132641460	132641610
9	132646760	132646910
9	132647040	132647190
9	132648060	132648210
9	132875160	132875310
9	132875340	132875490
9	134206660	134206810
9	134206820	134206970
9	135819940	135820090
9	135820120	135820270
9	135879560	135879710
9	135879760	135879910
9	137230380	137230530
9	138843820	138843970
9	138884620	138884770
9	139258160	139258310
9	139622500	139622650
9	140138380	140138530
9	140171420	140171570
9	140317620	140317770
10	5488400	5488550
10	5488560	5488710
10	5501080	5501230
10	6205640	6205790
10	6205800	6205950
10	7070080	7070230
10	7070280	7070430
10	11940320	11940470
10	11940560	11940710
10	13747725	13747875
10	13747880	13748030
10	14227580	14227730
10	14227740	14227890
10	15493220	15493370
10	15493420	15493570
10	16933920	16934070
10	17038280	17038430
10	17467900	17468050
10	17468060	17468210
10	17704760	17704910
10	23344400	23344550
10	32261460	32261610
10	32261680	32261830
10	35668200	35668350
10	35668360	35668510
10	43140460	43140610
10	43140620	43140770
10	43140800	43140950
10	43903160	43903310
10	43903320	43903470
10	43913500	43913650
10	43913660	43913810
10	45966080	45966230
10	46090260	46090410
10	46090460	46090610
10	46222460	46222750
10	47588760	47588910
10	47588920	47589070
10	49678260	49678410
10	49678420	49678570
10	50508620	50508770
10	51594200	51594350
10	52063820	52063970
10	52086620	52086770
10	52086780	52086930
10	52091900	52092050
10	52092060	52092210
10	52092700	52092850
10	52092860	52093010
10	52310120	52310270
10	63525420	63525570
10	63540060	63540210
10	63540220	63540370
10	63540380	63540530
10	64892940	64893090
10	69644180	69644330
10	69644340	69644490
10	70091980	70092130
10	70101560	70101710
10	74033700	74033850
10	74033860	74034010
10	74080540	74080690
10	74080700	74080850
10	75216040	75216190
10	75216200	75216350
10	75532140	75532290
10	75532300	75532450
10	80938420	80938570
10	80938600	80938750
10	82531860	82532010
10	103124520	103124670
10	103872140	103872290
10	103872360	103872510
10	104748800	104748950
10	127293840	127293990
11	208640	208790
11	613640	613790
11	613880	614030
11	642740	642890
11	765360	765510
11	813380	813530
11	813560	813710
11	840220	840370
11	840400	840550
11	842240	842390
11	842460	842610
11	876060	876210
11	2421460	2421610
11	2421620	2421770
11	2421780	2421930
11	5173000	5173150
11	5173200	5173350
11	5301860	5302010
11	5305960	5306110
11	5309420	5309570
11	5526820	5526970
11	10817760	10817910
11	10817920	10818070
11	10830240	10830390
11	10830400	10830550
11	10921060	10921210
11	10921240	10921390
11	12131760	12131910
11	12131920	12132070
11	12222660	12222810
11	12222840	12222990
11	14521140	14521290
11	14521300	14521450
11	16626360	16626510
11	16626540	16626690
11	16878820	16878970
11	19463820	19463970
11	19463980	19464130
11	33966400	33966550
11	34126560	34126710
11	34126720	34126870
11	34126980	34127130
11	44802540	44802690
11	44802700	44802850
11	46414180	46414330
11	57170240	57170390
11	57192280	57192430
11	57192440	57192590
11	57415800	57415950
11	57415960	57416110
11	59474400	59474550
11	59474580	59474730
11	61109760	61109910
11	61266660	61266810
11	61334760	61334910
11	61568200	61568350
11	61687520	61687670
11	61687740	61687890
11	61809500	61809650
11	61809660	61809810
11	62432640	62432790
11	62432800	62432950
11	62559200	62559350
11	62559440	62559590
11	62608840	62608990
11	62609000	62609150
11	62619120	62619270
11	62623040	62623190
11	62623260	62623410
11	62657040	62657190
11	62657220	62657370
11	63775320	63775470
11	63775485	63775635
11	63997820	63997970
11	64008040	64008190
11	64008220	64008630
11	64010980	64011130
11	64102600	64102750
11	64102780	64102930
11	64879460	64879610
11	64885140	64885290
11	65189560	65189710
11	65189720	65189870
11	65190120	65190270
11	65190300	65190450
11	65194080	65194230
11	65194300	65194450
11	65194900	65195050
11	65195060	65195210
11	65195980	65196130
11	65196160	65196310
11	65266380	65266530
11	65266620	65266770
11	65266920	65267070
11	65269320	65269470
11	65269600	65269750
11	65270440	65270590
11	65270600	65270750
11	65271860	65272010
11	65272160	65272310
11	65272400	65272550
11	65272580	65272730
11	65274020	65274170
11	65274200	65274350
11	65274500	65274650
11	65274660	65274810
11	65275000	65275150
11	65275160	65275310
11	65342640	65342790
11	65619920	65620070
11	65620660	65620810
11	65624440	65624590
11	65657685	65657835
11	65657840	65657990
11	65658980	65659130
11	65659220	65659370
11	65660660	65660810
11	67159220	67159370
11	67351080	67351230
11	67351240	67351390
11	71714040	71714190
11	73722640	73722790
11	73727440	73727590
11	75117420	75117570
11	75117580	75117730
11	75246000	75246150
11	75246160	75246310
11	75301000	75301150
11	76411520	76411670
11	76411680	76411830
11	82719020	82719170
11	82719180	82719330
11	85662520	85662670
11	85662720	85662870
11	85664300	85664450
11	85664580	85664730
11	85664740	85664890
11	85666940	85667090
11	85862440	85862590
11	93462540	93462690
11	97834480	97834630
11	114086660	114086810
11	117997320	117997470
11	118885285	118885435
11	118956280	118956430
11	118958480	118958630
11	118966100	118966250
11	120107340	120107490
11	120107500	120107650
11	126290360	126290510
12	700720	700870
12	700880	701030
12	6647920	6648070
12	6677420	6677570
12	6677640	6677790
12	6981620	6981770
12	7053000	7053150
12	7053160	7053310
12	7053540	7053690
12	25086840	25086990
12	25087060	25087210
12	28289120	28289270
12	32158500	32158650
12	32158680	32158830
12	46751980	46752130
12	46765160	46765310
12	48175820	48175970
12	48175980	48176130
12	49412440	49412590
12	49454400	49454670
12	49486040	49486190
12	49486220	49486370
12	49520820	49520970
12	49520980	49521130
12	49524860	49525010
12	49525040	49525190
12	49626880	49627030
12	49658800	49658950
12	49667120	49667270
12	49667380	49667530
12	50158845	50158995
12	50444520	50444670
12	50444680	50444830
12	53056140	53056290
12	53056340	53056490
12	53845600	53845750
12	53845760	53845910
12	53876940	53877090
12	53877160	53877310
12	54681560	54681710
12	54682005	54682155
12	54682160	54682310
12	54682460	54682610
12	54682620	54682770
12	54689560	54689710
12	54689760	54689910
12	54698220	54698370
12	54698400	54698550
12	56109720	56109870
12	56510480	56510630
12	56511660	56511810
12	56511820	56511970
12	56694980	56695130
12	57030580	57030730
12	57030740	57030890
12	57039460	57039610
12	57039740	57039890
12	57909540	57909690
12	57909760	57909910
12	57913760	57913910
12	57913940	57914090
12	57914240	57914390
12	69139780	69139930
12	70017840	70017990
12	70018000	70018150
12	76286720	76286870
12	76286900	76287050
12	80328960	80329110
12	80329140	80329290
12	92797600	92797750
12	92797760	92797910
12	93796120	93796270
12	93798120	93798270
12	93799160	93799310
12	93802700	93802850
12	98833880	98834030
12	104350840	104350990
12	104351080	104351230
12	106695540	106695690
12	106695700	106695850
12	108879300	108879450
12	109036140	109036290
12	109085460	109085610
12	109085620	109085770
12	110792020	110792170
12	110792180	110792330
12	111156220	111156370
12	111156480	111156630
12	111842980	111843130
12	111843140	111843290
12	111843300	111843450
12	111885460	111885610
12	111888480	111888630
12	112284540	112284690
12	112284700	112284850
12	112450860	112451010
12	112451020	112451170
12	112789020	112789170
12	114087080	114087230
12	114087260	114087410
12	116634980	116635130
12	116635140	116635290
12	117348640	117348790
12	117480160	117480310
12	117480345	117480495
12	120103480	120103630
12	120103660	120103810
12	120638880	120639030
12	120680120	120680270
12	120680280	120680430
12	120729420	120729570
12	120729580	120729730
12	120730800	120730950
12	122582420	122582570
12	122582580	122582730
12	122631980	122632130
12	122632240	122632390
12	122750940	122751090
12	125395440	125395590
12	125399020	125399170
12	125399180	125399330
13	44956900	44957050
13	95923340	95923490
13	95923520	95923670
13	111367680	111367830
14	20811400	20811550
14	20811560	20811710
14	21727080	21727230
14	21727320	21727470
14	23366620	23366770
14	23366820	23366970
14	23582020	23582170
14	31091160	31091310
14	31091340	31091490
14	31528840	31528990
14	51135220	51135370
14	51135380	51135530
14	81687080	81687230
14	81687240	81687390
14	102553280	102553430
14	102553440	102553590
15	29156460	29156610
15	29156620	29156770
15	39432120	39432270
15	39432280	39432430
15	41855060	41855210
15	41855220	41855370
15	42565400	42565550
15	42565560	42565710
15	44092960	44093110
15	45011500	45011650
15	45011880	45012030
15	45012040	45012190
15	45019200	45019350
15	45019360	45019510
15	50552660	50552810
15	50552820	50552970
15	50716300	50716450
15	51944480	51944630
15	58624440	58624590
15	64126580	64126730
15	65588400	65588550
15	65588580	65588730
15	65596980	65597130
15	65597140	65597290
15	65903440	65903590
15	66790020	66790170
15	67383580	67383730
15	67383740	67383890
15	69284160	69284310
15	74681840	74681990
15	74682000	74682150
15	74838500	74838650
15	74838660	74838810
15	75052820	75052970
15	75165480	75165630
15	75165640	75165790
15	75246900	75247050
15	75247080	75247230
15	75358360	75358510
15	75628260	75628410
15	75987040	75987190
15	85197320	85197610
15	85523960	85524110
15	85524120	85524270
15	89182020	89182170
15	89182200	89182350
15	90175100	90175250
15	90686480	90686630
15	90686640	90686790
15	91445080	91445230
15	91445280	91445430
15	93160820	93160970
15	93161065	93161215
15	93443540	93443690
15	93443720	93443870
15	93587580	93587730
15	93587760	93587910
15	96816980	96817130
15	96817140	96817290
15	101708360	101708510
15	101708520	101708670
15	101708680	101708830
15	101835380	101835530
16	163460	163610
16	163625	163775
16	193120	193270
16	231245	231395
16	231420	231570
16	771040	771190
16	1401800	1401950
16	1882880	1883030
16	1883080	1883230
16	2010800	2010950
16	2010960	2011110
16	2011280	2011430
16	2011440	2011590
16	2011700	2011850
16	2011860	2012010
16	2014600	2014750
16	2014760	2014910
16	2205340	2205490
16	2570260	2570410
16	2653220	2653370
16	2820820	2820970
16	2821040	2821190
16	2821540	2821690
16	2821700	2821850
16	3022200	3022350
16	3073380	3073530
16	3073540	3073690
16	3074120	3074270
16	3074280	3074430
16	8232840	8232990
16	8688080	8688230
16	8688260	8688410
16	8962180	8962330
16	10456140	10456410
16	10591080	10591230
16	11066120	11066270
16	11066340	11066490
16	15615880	15616030
16	15684800	15684950
16	15685000	15685150
16	18801580	18801730
16	18812600	18812750
16	18812820	18812970
16	19499260	19499410
16	21513480	21513630
16	21513680	21513830
16	23912620	23912770
16	23912840	23912990
16	23918820	23918970
16	25783220	25783370
16	25783380	25783530
16	29816740	29816890
16	29816900	29817050
16	30076520	30076670
16	30076680	30076970
16	30086960	30087110
16	30087160	30087310
16	31191340	31191490
16	31191620	31191770
16	31203300	31203450
16	31203560	31203710
16	50351320	50351470
16	56965840	56965990
16	56966180	56966330
16	57716620	57716770
16	57716860	57717010
16	57723860	57724010
16	57724020	57724170
16	58010460	58010610
16	58299440	58299590
16	58299620	58299770
16	67906820	67906970
16	68267885	68268035
16	69364280	69364430
16	69364460	69364610
16	69599580	69599730
16	69599740	69599890
16	70285780	70285930
16	70406560	70406710
16	70406780	70406930
16	70462180	70462330
16	70462340	70462490
16	75543440	75543590
16	75551200	75551350
16	75551400	75551550
16	81529420	81529570
16	81529580	81529730
16	85415620	85415770
16	85415820	85415970
16	85569100	85569250
16	85569280	85569430
16	85587760	85587910
16	85600300	85600450
16	85600480	85600630
16	85647000	85647150
16	85710040	85710190
16	87438760	87438910
16	87887240	87887390
16	87887400	87887550
16	88521340	88521490
16	88521500	88521650
16	88558040	88558190
16	88558200	88558350
16	88754620	88754770
16	88840360	88840510
16	88875340	88875490
16	88937040	88937190
16	88937240	88937390
16	88937620	88937770
16	88937780	88937930
16	89058880	89059030
16	89070620	89070770
16	89070800	89070950
16	89723860	89724010
17	4152800	4153090
17	7137700	7137970
17	7146180	7146330
17	7146340	7146490
17	7387640	7387790
17	7482345	7482495
17	7482540	7482690
17	7482700	7482850
17	7482900	7483050
17	8055160	8055310
17	8055440	8055590
17	8057580	8057730
17	8076600	8076750
17	8076760	8076910
17	8130220	8130370
17	8130380	8130530
17	8130560	8130710
17	8280080	8280230
17	8280240	8280390
17	8435420	8435570
17	8435580	8435730
17	10694200	10694350
17	10694360	10694510
17	11812080	11812230
17	11812240	11812390
17	12342280	12342430
17	12342440	12342590
17	17714025	17714175
17	18967020	18967170
17	19015240	19015390
17	19913520	19913670
17	19913680	19913830
17	20810660	20810810
17	25801040	25801190
17	25801200	25801350
17	26295320	26295470
17	26295500	26295650
17	26313920	26314070
17	26854420	26854570
17	27052060	27052210
17	27052220	27052370
17	27052380	27052530
17	27077140	27077290
17	27077300	27077450
17	27079500	27079650
17	27192260	27192410
17	27192420	27192570
17	27192580	27192730
17	27229900	27230050
17	27230060	27230210
17	27239480	27239630
17	27239725	27239875
17	29109240	29109390
17	30709980	30710130
17	34948140	34948290
17	35969360	35969510
17	35969520	35969670
17	36860060	36860210
17	36860220	36860370
17	36955900	36956050
17	36956100	36956250
17	38984060	38984210
17	38984260	38984410
17	39834700	39834850
17	39834860	39835010
17	39845280	39845430
17	39848620	39848770
17	40464260	40464410
17	40464420	40464570
17	40464920	40465070
17	40467580	40467730
17	40467740	40467890
17	40471980	40472130
17	40472140	40472290
17	40851160	40851310
17	40851320	40851470
17	40932140	40932290
17	40932320	40932470
17	41393280	41393430
17	41393460	41393610
17	41400060	41400210
17	41400280	41400430
17	41400440	41400590
17	41400620	41400770
17	42287780	42287930
17	42287940	42288090
17	42323520	42323670
17	42344060	42344210
17	42467180	42467330
17	42467360	42467510
17	42470760	42470910
17	43226060	43226210
17	43410440	43410590
17	43422940	43423090
17	43423100	43423250
17	45944300	45944450
17	45944460	45944610
17	47817120	47817270
17	48831560	48831710
17	48831800	48831950
17	48943660	48943810
17	49199000	49199150
17	49199160	49199310
17	49230780	49230930
17	49231000	49231150
17	52938560	52938710
17	53528720	53528870
17	53528880	53529030
17	56076940	56077090
17	56077220	56077370
17	56405700	56405850
17	56406180	56406330
17	56406340	56406490
17	56406640	56406790
17	56407420	56407570
17	56407600	56407750
17	56409820	56409970
17	56708760	56708910
17	56708920	56709070
17	56709080	56709230
17	56736180	56736330
17	56736360	56736510
17	56736520	56736670
17	56743760	56743910
17	56743960	56744110
17	56756620	56756770
17	56756780	56756930
17	56756940	56757090
17	57762440	57762590
17	57779800	57779950
17	57779980	57780130
17	57915240	57915390
17	58155960	58156110
17	58217260	58217410
17	60758940	60759090
17	61509360	61509510
17	61678120	61678270
17	61678340	61678490
17	61819080	61819230
17	61819340	61819490
17	61920020	61920170
17	61920180	61920330
17	62493100	62493250
17	62493320	62493470
17	62493760	62493910
17	62494880	62495030
17	62496060	62496210
17	62496260	62496410
17	62502260	62502410
17	62502420	62502570
17	62919140	62919290
17	62919340	62919490
17	65780520	65780670
17	72206880	72207030
17	72510960	72511110
17	72766285	72766435
17	72766480	72766630
17	73771140	73771290
17	73771400	73771550
17	73771800	73771950
17	73772300	73772450
17	73775580	73775730
17	73775800	73775950
17	74402100	74402250
17	74553940	74554090
17	74637060	74637210
17	74733320	74733470
17	74733480	74733630
17	74787500	74787650
17	74787660	74787810
17	75118660	75118810
17	75360000	75360150
17	75360180	75360330
17	76169400	76169550
17	76169640	76169790
17	76662020	76662170
17	76662220	76662370
17	79323720	79323870
17	79323880	79324030
17	79476000	79476150
17	79476680	79476830
17	79479660	79479810
17	79479820	79479970
17	79824000	79824150
17	79824220	79824370
17	79824380	79824530
17	79824560	79824710
17	79825220	79825370
17	79825420	79825570
17	79825820	79825970
17	79826045	79826195
17	79826520	79826670
17	79935340	79935490
17	80035080	80035230
17	80035645	80035795
17	80056040	80056190
17	80056200	80056350
17	80201540	80201690
17	80303120	80303270
17	80419880	80420030
17	80709720	80709870
17	80709880	80710030
18	217860	218010
18	267980	268130
18	812260	812410
18	812420	812570
18	3603100	3603250
18	3603260	3603410
18	6676220	6676370
18	9743580	9743730
18	9803500	9803650
18	9877200	9877350
18	9877360	9877510
18	9961340	9961490
18	9961500	9961650
18	33077740	33078010
18	43733300	43733450
19	516680	516830
19	555980	556130
19	556140	556290
19	574800	574950
19	583800	583950
19	583965	584115
19	584785	584935
19	812200	812350
19	812805	812955
19	815860	816010
19	868260	868410
19	868460	868610
19	907320	907470
19	907480	907630
19	944200	944350
19	944360	944510
19	1106280	1106430
19	1207940	1208090
19	1208100	1208250
19	1249620	1249770
19	1249780	1249930
19	1259040	1259190
19	1259220	1259370
19	1259400	1259550
19	1259580	1259730
19	1438180	1438330
19	1897600	1897750
19	2151720	2151870
19	2263700	2263850
19	2476100	2476250
19	2476260	2476410
19	3975700	3975850
19	3985380	3985530
19	4375720	4375870
19	4375880	4376030
19	4769600	4769750
19	5309020	5309170
19	5309180	5309330
19	5691520	5691670
19	5691685	5691835
19	5691925	5692075
19	5692105	5692255
19	5693620	5693770
19	5693920	5694070
19	6535920	6536070
19	6536200	6536350
19	7991160	7991310
19	8483020	8483170
19	8483200	8483350
19	10224840	10224990
19	10225020	10225170
19	10225420	10225570
19	10225580	10225730
19	10225880	10226030
19	10226060	10226210
19	10426540	10426690
19	10426700	10426850
19	11205740	11205890
19	11205900	11206050
19	11242880	11243030
19	11243880	11244030
19	11244220	11244370
19	11244400	11244550
19	12807380	12807530
19	12807620	12807770
19	12902280	12902430
19	12902480	12902630
19	13030060	13030210
19	13049260	13049410
19	13049500	13049650
19	13056420	13056570
19	13056580	13056730
19	13180520	13180670
19	13209105	13209255
19	13209260	13209410
19	13213580	13213730
19	13213740	13213890
19	13263700	13263850
19	13263900	13264050
19	13265900	13266050
19	13266060	13266210
19	13266400	13266550
19	13266580	13266730
19	14117780	14117930
19	14117980	14118130
19	14516820	14516970
19	14519020	14519170
19	15490500	15490650
19	15490660	15490810
19	17975160	17975310
19	17975340	17975490
19	17976620	17976770
19	17976840	17976990
19	18415360	18415510
19	18415520	18415670
19	18544820	18544970
19	18545000	18545150
19	18545625	18545775
19	18654820	18654970
19	18655120	18655270
19	19171020	19171170
19	19626900	19627050
19	28974500	28974650
19	28974720	28974870
19	29097400	29097550
19	33119460	33119610
19	33119640	33119790
19	34882280	34882430
19	34882440	34882590
19	38807820	38807970
19	38808020	38808170
19	39373520	39373670
19	39893200	39893350
19	40324760	40324910
19	40970620	40970770
19	40970820	40970970
19	41815960	41816110
19	41816220	41816370
19	42376060	42376210
19	42376260	42376410
19	44278680	44278830
19	46031780	46031930
19	46272540	46272690
19	46272700	46272850
19	47277060	47277210
19	47291800	47291950
19	47729360	47729510
19	47729560	47729710
19	47730360	47730510
19	47747380	47747530
19	47747540	47747690
19	47777540	47777690
19	47777780	47777930
19	47839060	47839210
19	48018620	48018770
19	48395120	48395270
19	48395280	48395430
19	49117960	49118110
19	49118180	49118330
19	49122420	49122570
19	49376820	49376970
19	49377000	49377150
19	49468620	49468770
19	49471180	49471330
19	49471380	49471530
19	49990960	49991110
19	49995760	49995910
19	50364240	50364390
19	50364460	50364610
19	51299880	51300030
19	51307740	51307890
19	51307900	51308050
19	52051040	52051190
19	52303700	52303850
19	53195800	53195950
19	53195980	53196130
19	53439680	53439830
19	54659540	54659690
19	54659700	54659850
19	54666060	54666210
19	54666320	54666470
19	54704520	54704670
19	54704740	54704890
19	54711960	54712110
19	54712120	54712270
19	54712280	54712430
19	55555960	55556110
19	55691500	55691650
19	55691660	55691810
19	55727840	55727990
19	55770520	55770670
19	55770680	55770830
19	55897400	55897550
19	56186380	56186530
19	59063040	59063190
19	59066340	59066490
20	3890760	3890910
20	5093620	5093770
20	20927080	20927230
20	26188765	26188915
20	26189025	26189175
20	26189905	26190055
20	30160560	30160710
20	30160720	30160870
20	30192880	30193030
20	30193060	30193210
20	30193220	30193370
20	30263700	30263850
20	32676680	32676830
20	32676900	32677050
20	33301260	33301410
20	33301420	33301570
20	33865800	33865950
20	34289720	34289870
20	34289960	34290110
20	34290920	34291070
20	36479200	36479350
20	37576700	37576850
20	44519780	44519930
20	44519940	44520090
20	45837160	45837310
20	45960120	45960270
20	45989360	45989510
20	45989520	45989670
20	47903420	47903570
20	47903580	47903730
20	47905940	47906090
20	47906220	47906370
20	49204760	49204910
20	49207020	49207170
20	49207200	49207350
20	49210080	49210230
20	49210300	49210450
20	49307800	49307950
20	49307960	49308110
20	49548160	49548310
20	49548325	49548475
20	51792040	51792190
20	52369740	52369890
20	54937800	54937950
20	54937980	54938130
20	57195120	57195270
20	57195280	57195430
20	57596060	57596210
20	57596300	57596450
20	60876960	60877110
20	60877180	60877330
20	61532720	61532870
20	61532880	61533030
20	62328505	62328655
20	62328785	62328935
20	62330560	62330710
20	62852580	62852730
20	62852740	62852890
21	15856960	15857110
21	15857900	15858050
21	33765220	33765370
21	33765380	33765530
21	34914140	34914290
21	34914320	34914470
21	34924200	34924350
21	34924400	34924550
21	36280700	36280850
21	36280900	36281050
21	37757560	37757710
21	37802380	37802530
21	40357640	40357790
21	40357800	40357950
21	40555320	40555470
21	43823900	43824050
21	44475140	44475290
21	45527060	45527210
21	45553080	45553230
21	45553240	45553390
21	45553400	45553550
21	46493720	46493870
21	46494040	46494190
21	46494260	46494410
21	46831480	46831630
21	46928160	46928310
21	46928420	46928570
21	47740420	47740570
22	18463420	18463570
22	18463600	18463750
22	19024365	19024515
22	19132140	19132290
22	19384660	19384810
22	19395860	19396010
22	19407300	19407450
22	19407460	19407610
22	19419220	19419370
22	19419820	19419970
22	19419980	19420130
22	19428320	19428470
22	19428560	19428710
22	19435560	19435710
22	19631120	19631270
22	19705560	19705710
22	19706580	19706730
22	19710800	19710950
22	19711005	19711155
22	19794080	19794230
22	19794240	19794390
22	19879140	19879290
22	19956620	19956770
22	19956800	19956950
22	19959100	19959250
22	20012960	20013110
22	20013120	20013270
22	20097760	20097910
22	20097985	20098135
22	20098260	20098410
22	20098420	20098570
22	20098780	20098930
22	20099705	20099855
22	20100540	20100690
22	20104900	20105050
22	20105300	20105450
22	20105460	20105610
22	20114260	20114410
22	20114940	20115090
22	20942320	20942470
22	20942545	20942695
22	20943180	20943330
22	21132000	21132150
22	21132160	21132310
22	21271340	21271490
22	21271500	21271650
22	21352485	21352635
22	21352820	21352970
22	21353880	21354030
22	21356280	21356430
22	21369040	21369190
22	21369200	21369350
22	21921920	21922070
22	21970220	21970370
22	21997160	21997310
22	22020420	22020570
22	22053040	22053190
22	22053200	22053350
22	22089720	22089870
22	22146120	22146270
22	22146280	22146430
22	22292500	22292650
22	22292700	22292850
22	22337160	22337310
22	22337340	22337490
22	22393340	22393490
22	22549860	22550010
22	23371640	23371790
22	23371800	23371950
22	23610100	23610250
22	23616105	23616255
22	23632200	23632350
22	23632440	23632590
22	25124960	25125110
22	25125120	25125270
22	29696820	29696970
22	29697080	29697230
22	30612760	30612910
22	30612965	30613115
22	36764440	36764590
22	36764600	36764750
22	39919060	39919210
22	39919240	39919390
22	41842740	41842890
22	41923620	41923770
22	42078180	42078330
22	42078400	42078550
22	43011380	43011530
22	50963600	50963750
22	50963780	50963930
100	16789740	16789890
100	24081560	24081710
100	38512400	38512550
100	38512560	38512710
100	40032040	40032190
100	41209900	41210050
100	41210060	41210210
100	41210320	41210470
100	41210480	41210630
100	44173560	44173710
100	44173780	44173930
100	48658960	48659110
100	48659120	48659270
100	53557840	53557990
100	53558005	53558155
100	135962580	135962730
100	135962840	135962990
100	153163440	153163590
100	153626620	153626770
100	153626820	153626970
100	153629600	153629750
100	153629760	153629910
100	154004000	154004150
100	154006200	154006350
